Id,Label,timeset,country,num_players_indegree,num_players_outdegree,num_players_degree,num_players_weighted_indegree,num_players_weighted_outdegree,num_players_weighted_degree,total_normalized_amount_indegree,total_normalized_amount_oudegree,total_normalized_amount_degree,total_normalized_amount_weighted_indegree,total_normalized_amount_weighted_outdegree,total_normalized_amount_weighted_degree
327,NK Osijek,,Croatia,106,120,226,229,214,443,106,120,226,0.153793,2.59129,2.745083
5551,Newcastle United Jets,,Australia,5,4,9,6,4,10,5,4,9,0.039474,0.12237,0.161844
422,Wisla Kraków,,Poland,32,39,71,34,48,82,32,39,71,0.532886,4.336356,4.869242
403,Willem II Tilburg,,Netherlands,92,108,200,160,206,366,92,108,200,0.651227,4.458218,5.109444
5358,SD Huesca,,Spain,23,34,57,29,57,86,23,34,57,0.518519,0.102074,0.620593
714,RCD Espanyol Barcelona,,Spain,125,123,248,196,200,396,125,123,248,20.492544,29.392712,49.885257
24,Eintracht Frankfurt,,Germany,98,114,212,154,171,325,98,114,212,14.507233,9.533893,24.041125
52,MSV Duisburg,,Germany,40,61,101,61,93,154,40,61,101,1.695452,1.549088,3.24454
2424,Gil Vicente FC,,Portugal,93,90,183,144,187,331,93,90,183,0,0.967472,0.967472
19771,Akhisar Belediyespor,,Turkey,62,48,110,109,76,185,62,48,110,0.187164,0.960233,1.147397
133,SC Cambuur-Leeuwarden,,Netherlands,39,49,88,66,82,148,39,49,88,0.016045,0.292839,0.308884
1304,Heracles Almelo,,Netherlands,72,77,149,145,143,288,72,77,149,0.853911,2.864805,3.718717
1321,SK Dynamo Ceske Budejovice,,Czech Republic,62,75,137,126,159,285,62,75,137,0.019476,0.715279,0.734755
1293,Tromsø IL,,Norway,9,11,20,11,14,25,9,11,20,0.239921,1.419939,1.659859
2477,Karpaty Lviv,,Ukraine,129,109,238,186,173,359,129,109,238,0.548363,2.794263,3.342626
338,Dynamo Kyiv,,Ukraine,136,86,222,246,126,372,136,86,222,46.933774,28.533139,75.466914
2741,Baltika Kaliningrad,,Russia,28,21,49,44,31,75,28,21,49,0.069392,0.003843,0.073235
11126,Mordovia Saransk,,Russia,37,35,72,52,59,111,37,35,72,0.216969,0.12351,0.340479
2977,KSV Roeselare,,Belgium,57,65,122,98,116,214,57,65,122,0.003924,0.129873,0.133797
9010,FCV Dender EH,,Belgium,39,32,71,66,50,116,39,32,71,0,0.039961,0.039961
28095,FK Ufa,,Russia,60,40,100,84,55,139,60,40,100,0.502038,0.990575,1.492613
1083,FK Rostov,,Russia,138,111,249,233,242,475,138,111,249,3.64747,3.929565,7.577036
450,FK Dukla Prag,,Czech Republic,63,61,124,111,92,203,63,61,124,0.054557,0.115782,0.170338
56670,FK Hořovicko,,Czech Republic,1,0,1,1,0,1,1,0,1,0,0,0
398,SS Lazio,,Italy,186,132,318,378,213,591,186,132,318,89.412418,72.354058,161.766476
1025,Bologna FC 1909,,Italy,149,111,260,334,265,599,149,111,260,29.302345,26.614838,55.917184
244,Olympique Marseille,,France,150,147,297,305,236,541,150,147,297,78.948914,79.216679,158.165592
11,Arsenal FC,,England,163,103,266,293,158,451,163,103,266,140.727046,97.604954,238.332
33,FC Schalke 04,,Germany,104,107,211,177,158,335,104,107,211,48.035217,40.21638,88.251597
3631,CF América,,Mexico,12,16,28,13,16,29,12,16,28,2.379882,4.12252,6.502402
1496,Tesla Pardubice,,Czech Republic,6,11,17,7,20,27,6,11,17,0,0,0
5546,FK Mladá Boleslav,,Czech Republic,100,94,194,229,189,418,100,94,194,0.484618,1.762334,2.246953
6894,Kayseri Erciyesspor,,Turkey,74,62,136,160,143,303,74,62,136,0.506341,0.46382,0.970161
3205,Kayserispor,,Turkey,144,109,253,225,215,440,144,109,253,3.351581,9.086279,12.43786
336,Sporting CP,,Portugal,209,178,387,403,254,657,209,178,387,37.054688,58.706575,95.761262
8718,Sport Club do Recife,,Brazil,16,16,32,17,19,36,16,16,32,0.140769,0.522202,0.662971
114,Besiktas JK,,Turkey,163,126,289,335,228,563,163,126,289,36.991257,16.590697,53.581955
681,Real Sociedad,,Spain,88,76,164,130,123,253,88,76,164,22.579886,21.926005,44.505891
144,HNK Rijeka,,Croatia,159,157,316,339,268,607,159,157,316,1.012958,6.195688,7.208646
276,Hellas Verona,,Italy,115,95,210,220,212,432,115,95,210,8.058274,16.015038,24.073312
24319,Diyarbakir Kayapinar Belediyespor,,Turkey,0,1,1,0,1,1,0,1,1,0,0,0
2292,Elazigspor,,Turkey,78,58,136,131,125,256,78,58,136,0.146391,0.532958,0.679349
897,Deportivo de La Coruña,,Spain,103,108,211,197,171,368,103,108,211,34.507766,37.025028,71.532794
6767,Real Madrid Castilla,,Spain,17,37,54,20,57,77,17,37,54,0.210526,8.251004,8.46153
2662,SKN St. Pölten,,Austria,34,39,73,52,60,112,34,39,73,0.004505,0.061821,0.066326
503,VfB Admira Wacker Mödling,,Austria,98,99,197,159,177,336,98,99,197,0.121569,0.73071,0.852279
6996,Goverla-Zakarpattia Uzhgorod,,Ukraine,74,73,147,143,168,311,74,73,147,0,0,0
6414,Metalist Kharkiv,,Ukraine,89,83,172,191,150,341,89,83,172,12.721252,10.42171,23.142962
1427,Türkiyemspor Berlin,,Germany,4,4,8,5,4,9,4,4,8,0,0,0
354,KV Mechelen,,Belgium,110,103,213,190,175,365,110,103,213,0.847135,4.520807,5.367941
7545,KEG Gistel,,Belgium,2,0,2,2,0,2,2,0,2,0,0,0
45468,Aydinspor,,Turkey,3,8,11,3,15,18,3,8,11,0,0,0
833,Denizlispor,,Turkey,120,91,211,235,194,429,120,91,211,0.944758,3.446489,4.391248
2921,Delfino Pescara 1936,,Italy,69,51,120,138,143,281,69,51,120,6.637616,9.191779,15.829396
46,FC Internazionale,,Italy,232,173,405,664,345,1009,232,173,405,197.32057,148.429964,345.750534
2439,Kuban Krasnodar,,Russia,89,69,158,159,145,304,89,69,158,8.328418,11.251624,19.580041
932,Lokomotiv Moscow,,Russia,109,80,189,204,129,333,109,80,189,44.057811,23.050921,67.108732
3691,Tom Tomsk,,Russia,77,80,157,135,180,315,77,80,157,2.405169,1.902966,4.308136
10138,NK HASK Zagreb,,Croatia,11,13,24,16,23,39,11,13,24,0,0,0
918,NK Inter Zapresic,,Croatia,116,129,245,253,245,498,116,129,245,0.064073,1.61058,1.674653
26459,NK Veres Rivne,,Ukraine,14,19,33,27,37,64,14,19,33,0,0,0
9007,Arsenal Kyiv,,Ukraine,95,107,202,189,214,403,95,107,202,0.459939,1.228817,1.688756
252,Genoa CFC,,Italy,229,161,390,613,380,993,229,161,390,66.453714,83.689933,150.143647
13562,Savona FBC,,Italy,7,10,17,16,35,51,7,10,17,0,0,0
11427,Oakleigh Cannons,,Australia,0,1,1,0,1,1,0,1,1,0,0,0
3392,Apollon Kalamarias,,Greece,48,49,97,88,84,172,48,49,97,0.099612,0.487726,0.587338
2944,Ankaraspor,,Turkey,94,85,179,235,190,425,94,85,179,1.071876,1.599212,2.671088
1507,Dardanelspor,,Turkey,8,13,21,14,22,36,8,13,21,0,0.331805,0.331805
982,CD Nacional,,Portugal,148,140,288,244,233,477,148,140,288,1.218612,6.468583,7.687195
2423,CD Santa Clara,,Portugal,45,38,83,76,73,149,45,38,83,0,0.123722,0.123722
449,Trabzonspor,,Turkey,164,135,299,430,280,710,164,135,299,29.444241,19.052496,48.496737
4574,Gümüshane Doganspor,,Turkey,13,8,21,19,9,28,13,8,21,0,0,0
4106,Casertana FC,,Italy,4,6,10,4,6,10,4,6,10,0,0,0
862,Chievo Verona,,Italy,214,165,379,658,373,1031,214,165,379,13.475647,21.069117,34.544764
669,FK Partizan Belgrade,,Serbia,30,61,91,32,93,125,30,61,91,0.268501,26.579213,26.847714
683,Olympiacos Piraeus,,Greece,210,172,382,450,288,738,210,172,382,31.068926,25.89755,56.966477
978,Club de Regatas Vasco da Gama,,Brazil,29,43,72,31,57,88,29,43,72,0.714286,7.967069,8.681354
566,Germinal Beerschot Antwerpen,,Belgium,106,111,217,163,194,357,106,111,217,1.060059,4.296023,5.356082
11127,Ural Yekaterinburg,,Russia,79,65,144,123,105,228,79,65,144,0.290134,0.851108,1.141243
2700,Anzhi Makhachkala,,Russia,108,103,211,199,200,399,108,103,211,48.587372,26.939607,75.526979
1123,Norwich City,,England,84,75,159,133,131,264,84,75,159,23.58807,20.542563,44.130633
1039,Queens Park Rangers,,England,84,73,157,147,122,269,84,73,157,26.640511,9.67586,36.316371
79,VfB Stuttgart,,Germany,102,102,204,165,176,341,102,102,204,31.224117,36.850289,68.074406
82,VfL Wolfsburg,,Germany,150,117,267,259,184,443,150,117,267,90.287638,54.520526,144.808164
715,FC Bohemians Prag 1905,,Czech Republic,71,73,144,135,172,307,71,73,144,0.512473,0.272184,0.784657
170,Rapid Vienna,,Austria,79,91,170,168,154,322,79,91,170,3.108001,8.189471,11.297473
4172,AC Pisa 1909,,Italy,19,25,44,23,76,99,19,25,44,0,0.433751,0.433751
3524,Clermont Foot Auvergne 63,,France,32,32,64,41,56,97,32,32,64,0,1.725871,1.725871
1158,FC Lorient,,France,90,87,177,164,154,318,90,87,177,12.113546,23.152623,35.266169
11116,FK Caslav,,Czech Republic,12,16,28,33,44,77,12,16,28,0,0,0
43119,Hapoel Katamon Jerusalem,,Israel,0,1,1,0,2,2,0,1,1,0,0,0
314,HNK Cibalia Vinkovci,,Croatia,72,89,161,140,171,311,72,89,161,0,0.26165,0.26165
430,AC Fiorentina,,Italy,195,151,346,414,310,724,195,151,346,91.646896,76.563138,168.210035
749,FC Empoli,,Italy,97,84,181,188,194,382,97,84,181,4.557935,22.764116,27.322051
3060,Atromitos Athen,,Greece,115,95,210,233,186,419,115,95,210,0.249867,0.791692,1.041559
6461,PAO Rouf,,Greece,1,7,8,2,12,14,1,7,8,0,0,0
19039,Tatran Prachatice,,Czech Republic,2,4,6,6,4,10,2,4,6,0,0,0
366,Real Valladolid CF,,Spain,73,78,151,121,155,276,73,78,151,2.168834,6.306925,8.475759
1244,CD Leganés,,Spain,29,48,77,40,77,117,29,48,77,1.398751,1.728599,3.127351
157,KAA Gent,,Belgium,176,160,336,346,253,599,176,160,336,9.969228,13.39183,23.361058
642,De Graafschap Doetinchem,,Netherlands,66,77,143,111,142,253,66,77,143,0.119225,1.515802,1.635027
36,Fenerbahce SK,,Turkey,108,97,205,216,166,382,108,97,205,63.812116,20.527594,84.33971
234,Feyenoord Rotterdam,,Netherlands,104,117,221,253,196,449,104,117,221,20.619444,35.939969,56.559413
223,HNK Sibenik,,Croatia,62,67,129,128,139,267,62,67,129,0.002539,0.707046,0.709586
22262,NK Vitez,,Bosnia-Herzegovina,3,7,10,3,7,10,3,7,10,0,0,0
3062,GS Kallithea,,Greece,38,41,79,72,84,156,38,41,79,0.118596,0.207033,0.325629
265,Panathinaikos Athens,,Greece,160,160,320,294,239,533,160,160,320,15.522217,6.425364,21.947581
317,FC Twente Enschede,,Netherlands,99,126,225,171,189,360,99,126,225,13.899062,30.139523,44.038584
5,Milan AC,,Italy,210,142,352,545,275,820,210,142,352,165.848695,103.359125,269.207821
3266,Sport Club Corinthians Alagoano,,Brazil,8,12,20,12,20,32,8,12,20,0,0.416113,0.416113
1301,CS Marítimo,,Portugal,165,160,325,258,236,494,165,160,325,0.112218,6.274398,6.386616
3371,Cheltenham Town,,England,3,13,16,3,16,19,3,13,16,0.0164,0,0.0164
1181,Blackpool FC,,England,36,39,75,49,79,128,36,39,75,0.937759,3.176806,4.114565
1095,ES Troyes AC,,France,62,76,138,102,134,236,62,76,138,1.540084,7.661347,9.201431
347,FC Metz,,France,97,122,219,144,168,312,97,122,219,1.504228,11.286967,12.791195
7775,Hatayspor,,Turkey,12,9,21,14,12,26,12,9,21,0,0,0
524,Gaziantepspor,,Turkey,141,114,255,273,261,534,141,114,255,5.338067,7.335926,12.673994
520,Cercle Brugge,,Belgium,88,79,167,136,147,283,88,79,167,0.27543,1.549501,1.824931
58,RSC Anderlecht,,Belgium,148,148,296,270,221,491,148,148,296,25.344017,39.237506,64.581523
26722,FC Fondi 1922,,Italy,3,7,10,5,26,31,3,7,10,0,0,0
130,AC Parma,,Italy,287,176,463,871,424,1295,287,176,463,67.07037,111.296721,178.36709
609,Cruzeiro Esporte Clube,,Brazil,43,57,100,66,97,163,43,57,100,1.810771,32.056053,33.866824
294,SL Benfica,,Portugal,247,169,416,533,272,805,247,169,416,76.468471,125.054251,201.522722
1264,Malatyaspor,,Turkey,61,60,121,112,99,211,61,60,121,0.345039,0.556103,0.901142
29051,KF Ferizaj,,Kosovo,1,0,1,1,0,1,1,0,1,0,0,0
1411,RAEC Mons,,Belgium,89,91,180,137,143,280,89,91,180,0.095238,0.854063,0.949301
18945,Nea Salamina Famagusta,,Cyprus,15,8,23,16,13,29,15,8,23,0,0.04,0.04
281,Manchester City,,England,178,128,306,359,195,554,178,128,306,251.521696,73.120421,324.642117
40058,New York City FC,,United States,11,3,14,12,4,16,11,3,14,0.185185,0.18018,0.365365
120,Kocaelispor,,Turkey,60,55,115,99,102,201,60,55,115,0.342595,0.286804,0.629399
20,Bursaspor,,Turkey,151,128,279,299,240,539,151,128,279,6.314108,9.487264,15.801372
506,Juventus FC,,Italy,239,160,399,699,317,1016,239,160,399,227.19079,134.340056,361.530847
416,Torino Calcio,,Italy,157,124,281,356,267,623,157,124,281,34.308835,22.64992,56.958756
892,FK Viktoria Zizkov,,Czech Republic,50,52,102,84,117,201,50,52,102,0.002252,0.329195,0.331447
797,FK Banik Most,,Czech Republic,47,35,82,75,77,152,47,35,82,0.030639,0.257598,0.288238
1455,FC Dordrecht,,Netherlands,19,37,56,42,87,129,19,37,56,0,0.137037,0.137037
235,RKC Waalwijk,,Netherlands,77,77,154,145,159,304,77,77,154,0.482988,4.765361,5.248349
405,Aston Villa,,England,139,102,241,272,183,455,139,102,241,81.37194,48.582918,129.954858
1191,Falkirk FC,,Scotland,8,10,18,8,14,22,8,10,18,0,0.037859,0.037859
485,NK Hrvatski Dragovoljac,,Croatia,37,44,81,76,97,173,37,44,81,0,0.076121,0.076121
447,HNK Hajduk Split,,Croatia,155,201,356,384,323,707,155,201,356,2.403879,13.584572,15.988452
429,Apollon Limassol,,Cyprus,42,25,67,55,33,88,42,25,67,0.141188,1.283092,1.42428
1075,SC Braga,,Portugal,184,162,346,408,297,705,184,162,346,8.130874,25.723832,33.854706
18075,Club Deportivo Maldonado,,Uruguay,12,10,22,13,10,23,12,10,22,0,4.478906,4.478906
2282,Club Brugge KV,,Belgium,164,138,302,265,191,456,164,138,302,21.82953,18.045084,39.874614
8239,Rebordosa AC,,Portugal,2,1,3,2,7,9,2,1,3,0,0,0
2995,FC Paços de Ferreira,,Portugal,142,140,282,272,243,515,142,140,282,0.190182,2.913264,3.103447
839,AC Perugia,,Italy,77,68,145,120,203,323,77,68,145,2.942787,9.758521,12.701307
29,Everton FC,,England,126,98,224,236,160,396,126,98,224,90.640916,63.428417,154.069333
2262,Plymouth Argyle,,England,12,21,33,18,31,49,12,21,33,0.227897,0.976132,1.204029
2457,Belenenses SAD,,Portugal,161,145,306,275,243,518,161,145,306,0.360895,3.883966,4.244862
614,Clube de Regatas do Flamengo,,Brazil,42,42,84,51,63,114,42,42,84,5.031812,21.227776,26.259588
18303,PFK Oleksandria,,Ukraine,41,49,90,72,88,160,41,49,90,0,0.388986,0.388986
6994,Metalurh Zaporizhya,,Ukraine,78,93,171,118,175,293,78,93,171,0.135865,0.889652,1.025517
152,Samsunspor,,Turkey,77,85,162,130,176,306,77,85,162,0.615124,2.315087,2.930211
3209,Pendikspor,,Turkey,7,9,16,8,15,23,7,9,16,0.001365,0.028613,0.029978
825,Eskisehirspor,,Turkey,86,68,154,159,136,295,86,68,154,2.588091,2.616368,5.204458
2362,Slaven Belupo Koprivnica,,Croatia,104,123,227,229,198,427,104,123,227,0.00887,1.423892,1.432762
126,Caykur Rizespor,,Turkey,152,107,259,293,216,509,152,107,259,1.920546,0.858797,2.779343
868,MKE Ankaragücü,,Turkey,137,119,256,299,288,587,137,119,256,1.879289,1.919877,3.799166
5862,ND Gorica,,Slovenia,6,19,25,6,54,60,6,19,25,0,1.18453,1.18453
800,Atalanta BC,,Italy,182,128,310,550,279,829,182,128,310,25.901914,48.661915,74.563829
415,FC Toulouse,,France,92,112,204,135,165,300,92,112,204,18.537051,24.943082,43.480133
40,FC Girondins Bordeaux,,France,111,127,238,185,168,353,111,127,238,33.335028,41.982387,75.317415
989,AFC Bournemouth,,England,69,42,111,97,76,173,69,42,111,18.972093,4.009772,22.981865
991,Wimbledon FC,,England,19,26,45,24,55,79,19,26,45,0.706031,6.154844,6.860875
4641,Rabotnicki Skopje,,North Macedonia,15,14,29,16,16,32,15,14,29,0.021006,0.073215,0.094221
2742,Obolon Kyiv,,Ukraine,33,34,67,65,68,133,33,34,67,0,0.046853,0.046853
28178,Akzhayik Uralsk,,Kazakhstan,6,4,10,8,4,12,6,4,10,0,0,0
4001,GS Marko,,Greece,6,7,13,6,14,20,6,7,13,0,0,0
605,Aris Thessaloniki,,Greece,145,142,287,247,248,495,145,142,287,0.586704,2.112518,2.699221
3325,GD Chaves,,Portugal,60,44,104,95,93,188,60,44,104,0.139106,0.83027,0.969376
3711,CD Cruz Azul,,Mexico,18,14,32,20,15,35,18,14,32,1.698009,6.030307,7.728316
5544,1. FC Synot,,Czech Republic,84,83,167,164,159,323,84,83,167,0.48624,0.40321,0.889449
197,AC Sparta Praha,,Czech Republic,131,127,258,343,232,575,131,127,258,5.962235,21.679843,27.642079
3230,KFC Turnhout,,Belgium,5,11,16,13,22,35,5,11,16,0,0,0
1073,KSK Beveren,,Belgium,40,68,108,73,109,182,40,68,108,0.011395,2.214438,2.225834
33438,AO Episkopi Rethymnou,,Greece,8,7,15,9,9,18,8,7,15,0,0,0
2441,AEK Athens,,Greece,177,162,339,323,251,574,177,162,339,6.127215,4.972326,11.099541
1433,Excelsior Mouscron,,Belgium,66,87,153,96,125,221,66,87,153,0.391227,3.012848,3.404075
5689,Cracovia Kraków,,Poland,13,18,31,14,19,33,13,18,31,0.297164,1.357258,1.654422
7975,FC Vysocina Jihlava,,Czech Republic,67,56,123,123,120,243,67,56,123,0.003986,0.639442,0.643428
1322,FK Jablonec,,Czech Republic,81,94,175,216,192,408,81,94,175,0.400614,2.216232,2.616846
618,AS Saint-Étienne,,France,103,116,219,185,183,368,103,116,219,27.712398,30.071969,57.784368
321,FC Sion,,Switzerland,33,34,67,37,37,74,33,34,67,0.904418,6.317212,7.22163
786,AEL Limassol,,Cyprus,42,23,65,48,36,84,42,23,65,0,0.038961,0.038961
979,Moreirense FC,,Portugal,89,98,187,152,169,321,89,98,187,0,0.938757,0.938757
1085,Vitória Setúbal FC,,Portugal,173,183,356,296,311,607,173,183,356,0.06383,2.004949,2.068779
7637,GD Peniche,,Portugal,1,0,1,1,0,1,1,0,1,0,0,0
5225,1. FC Brno,,Czech Republic,109,99,208,204,191,395,109,99,208,0.248702,3.851884,4.100586
2410,CSKA Moscow,,Russia,115,56,171,192,98,290,115,56,171,34.45762,30.419816,64.877436
180,Southampton FC,,England,126,98,224,206,154,360,126,98,224,60.48935,63.003022,123.492372
1078,Oldham Athletic,,England,21,29,50,24,51,75,21,29,50,0.089439,0.141952,0.231392
16779,Ordabasy Shymkent,,Kazakhstan,5,9,14,5,9,14,5,9,14,0,0,0
371,Celtic FC,,Scotland,45,52,97,55,70,125,45,52,97,17.743657,21.087866,38.831523
38,Fortuna Düsseldorf,,Germany,46,45,91,68,62,130,46,45,91,1.514662,0.807335,2.321997
2293,Konyaspor,,Turkey,131,122,253,302,232,534,131,122,253,3.433831,1.106905,4.540737
2566,NK Zadar,,Croatia,58,63,121,108,131,239,58,63,121,0.010638,0.50833,0.518968
17444,SC Wiener Neustadt,,Austria,46,47,93,95,91,186,46,47,93,0.015957,0.00541,0.021368
172,RSC Charleroi,,Belgium,132,136,268,224,218,442,132,136,268,0.717403,5.49473,6.212133
1417,Beringen Heusden-Zolder SK,,Belgium,21,23,44,33,47,80,21,23,44,0.025974,0,0.025974
23470,Fayoum FC,,Egypt,1,1,2,1,1,2,1,1,2,0,0,0
1119,Akratitos Ano Liosion,,Greece,54,53,107,75,83,158,54,53,107,0.045671,0.142954,0.188625
10625,Qarabağ Ağdam,,Azerbaijan,13,14,27,15,16,31,13,14,27,0.048642,0.074215,0.122856
266,SV Ried,,Austria,98,99,197,162,180,342,98,99,197,0.078059,1.269132,1.347191
2288,Swansea City,,England,98,67,165,152,93,245,98,67,165,27.147665,28.98957,56.137235
379,West Ham United,,England,147,126,273,291,227,518,147,126,273,84.089426,65.234344,149.32377
7805,AFK Chrudim,,Czech Republic,3,3,6,3,3,6,3,3,6,0,0,0
25817,CD Cova Piedade,,Portugal,6,2,8,10,3,13,6,2,8,0,0,0
9,PS Kalamata,,Greece,17,23,40,29,46,75,17,23,40,0,0.080029,0.080029
5219,AO Kerkyra,,Greece,108,92,200,192,185,377,108,92,200,0.167082,0.096292,0.263373
1465,GD Estoril,,Portugal,92,104,196,156,172,328,92,104,196,0.160866,3.310444,3.47131
2431,CF Estrela Amadora,,Portugal,60,66,126,88,129,217,60,66,126,0.187614,0.804307,0.991921
1390,Cagliari Calcio,,Italy,131,117,248,256,231,487,131,117,248,21.696292,22.354418,44.05071
790,NK Maribor,,Slovenia,21,30,51,26,39,65,21,30,51,0.097127,2.254544,2.351671
1096,Royal Antwerp FC,,Belgium,90,91,181,131,150,281,90,91,181,0.712652,1.179374,1.892026
12,AS Roma,,Italy,211,160,371,536,320,856,211,160,371,140.232551,107.359209,247.59176
237,RCD Mallorca,,Spain,93,97,190,144,178,322,93,97,190,13.117003,38.697547,51.81455
301,Steaua Bukarest,,Romania,20,47,67,25,57,82,20,47,67,0.26834,8.123888,8.392228
289,Sunderland AFC,,England,163,123,286,327,210,537,163,123,286,83.514184,40.631952,124.146136
288,Club Estudiantes de La Plata,,Argentina,18,31,49,21,42,63,18,31,49,1.060152,14.657837,15.717988
798,SBV Excelsior Rotterdam,,Netherlands,59,77,136,102,168,270,59,77,136,0.039474,0.645035,0.684508
1426,VVV-Venlo,,Netherlands,50,66,116,88,126,214,50,66,116,0.336477,3.256616,3.593092
3183,Shanghai Shenhua,,China,19,11,30,23,11,34,19,11,30,3.945419,0,3.945419
2231,FC Lustenau,,Austria,9,12,21,12,21,33,9,12,21,0,0.07646,0.07646
2817,Strømsgodset IF,,Norway,4,11,15,5,15,20,4,11,15,0,1.311003,1.311003
995,FC Nantes,,France,111,112,223,150,162,312,111,112,223,13.446222,21.422694,34.868916
903,Hibernian FC,,Scotland,29,27,56,32,32,64,29,27,56,0.168947,2.313286,2.482234
820,Genclerbirligi Ankara,,Turkey,184,128,312,450,271,721,184,128,312,7.172604,8.099151,15.271754
589,Antalyaspor,,Turkey,127,102,229,261,205,466,127,102,229,1.247815,2.279731,3.527546
2503,Boavista Porto FC,,Portugal,146,126,272,260,207,467,146,126,272,0.79035,4.415969,5.206319
3323,Gondomar SC,,Portugal,12,15,27,15,36,51,12,15,27,0,0,0
2381,Sivasspor,,Turkey,161,113,274,286,206,492,161,113,274,2.264605,1.003018,3.267623
2323,Orduspor,,Turkey,51,38,89,71,64,135,51,38,89,1.41416,0.203144,1.617304
1511,Akcaabat Sebatspor,,Turkey,26,33,59,48,67,115,26,33,59,0,0,0
2695,Moroka Swallows,,South Africa,3,3,6,3,3,6,3,3,6,0,0.193936,0.193936
8838,Zirka Kropyvnytskyi,,Ukraine,33,32,65,46,52,98,33,32,65,0,0,0
3216,Mersin Idmanyurdu,,Turkey,58,53,111,103,95,198,58,53,111,0.872579,0.057143,0.929722
499,Vitesse Arnhem,,Netherlands,96,114,210,151,199,350,96,114,210,6.993178,14.628505,21.621683
204,Lierse SK,,Belgium,111,113,224,171,197,368,111,113,224,0.524547,1.981494,2.506041
1245,KAS Eupen,,Belgium,48,54,102,64,83,147,48,54,102,0.135188,1.192883,1.32807
189,Club Atlético Boca Juniors,,Argentina,43,53,96,53,76,129,43,53,96,6.609218,41.408325,48.017543
6418,Panetolikos GFS,,Greece,85,86,171,127,122,249,85,86,171,0.036993,0.216852,0.253845
11675,Beylerbeyispor,,Turkey,8,6,14,9,11,20,8,6,14,0,0,0
141,Galatasaray SK,,Turkey,146,130,276,320,221,541,146,130,276,51.090586,24.479773,75.570358
13839,Unirea Alba Iulia,,Romania,2,2,4,2,2,4,2,2,4,0,0.037234,0.037234
16704,FK Krasnodar,,Russia,76,62,138,122,97,219,76,62,138,12.857102,6.284931,19.142033
1387,AC Siena,,Italy,135,106,241,273,254,527,135,106,241,16.189918,15.588,31.777917
2861,KV Oostende,,Belgium,64,54,118,104,93,197,64,54,118,1.31654,1.641685,2.958225
845,Diyarbakirspor,,Turkey,80,71,151,169,164,333,80,71,151,0.196046,0.039474,0.235519
1162,SM Caen,,France,71,73,144,118,113,231,71,73,144,6.014295,14.265032,20.279326
1467,Göztepe,,Turkey,80,60,140,136,108,244,80,60,140,0.388523,0.219741,0.608265
365,Spartak Trnava,,Slovakia,26,24,50,36,36,72,26,24,50,0,0.219197,0.219197
169,Panionios Athens,,Greece,210,174,384,347,345,692,210,174,384,1.520467,3.309106,4.829573
7971,Hércules CF,,Spain,29,33,62,45,55,100,29,33,62,1.171959,1.422881,2.59484
2521,FC Alverca,,Portugal,24,23,47,35,49,84,24,23,47,0.133333,0.645161,0.778495
3508,SV Zulte Waregem,,Belgium,127,114,241,201,191,392,127,114,241,1.291371,3.443457,4.734827
14,Austria Vienna,,Austria,109,125,234,210,202,412,109,125,234,6.038706,6.751542,12.790248
4750,SC Olhanense,,Portugal,70,78,148,105,148,253,70,78,148,0.066545,0.688867,0.755412
11470,CD O'Higgins,,Chile,5,9,14,6,9,15,5,9,14,0,0.616387,0.616387
3719,FK Khimki,,Russia,57,57,114,94,91,185,57,57,114,1.407419,2.267483,3.674903
4128,Amkar Perm,,Russia,109,88,197,140,141,281,109,88,197,2.625247,2.018713,4.643959
420,RNK Split,,Croatia,70,69,139,163,131,294,70,69,139,0.13875,1.620569,1.759319
9074,NK Imotski,,Croatia,11,11,22,21,51,72,11,11,22,0,0,0
855,EA Guingamp,,France,74,71,145,117,109,226,74,71,145,1.61497,7.014917,8.629887
53,OFK Beograd,,Serbia,22,37,59,23,52,75,22,37,59,0.042982,5.066747,5.109729
16950,Zenit 2 St. Petersburg,,Russia,6,10,16,7,16,23,6,10,16,0,0.183319,0.183319
16988,Dolphin FC,,Nigeria,1,2,3,1,2,3,1,2,3,0,0.019802,0.019802
2257,ES Wasquehal,,France,9,7,16,10,9,19,9,7,16,0,0,0
1082,LOSC Lille,,France,129,110,239,209,182,391,129,110,239,30.611582,65.272347,95.883929
1184,KRC Genk,,Belgium,129,130,259,226,199,425,129,130,259,15.184802,25.719966,40.904767
708,Újpest FC,,Hungary,21,15,36,33,20,53,21,15,36,0.1512,0.487293,0.638494
1284,SC Veendam,,Netherlands,9,9,18,30,26,56,9,9,18,0,0.055366,0.055366
202,FC Groningen,,Netherlands,86,98,184,163,178,341,86,98,184,8.276084,16.060372,24.336456
27219,Esporte Clube Taubaté (SP),,Brazil,0,1,1,0,1,1,0,1,1,0,0,0
3336,Desportivo Aves,,Portugal,66,55,121,115,122,237,66,55,121,0.034186,0.157262,0.191448
11148,NK Dugopolje,,Croatia,12,9,21,30,39,69,12,9,21,0,0,0
724,FC Volendam,,Netherlands,23,30,53,38,59,97,23,30,53,0,0.614954,0.614954
20419,AFC '34 Alkmaar,,Netherlands,1,0,1,1,0,1,1,0,1,0,0,0
2417,Club Atlético Belgrano,,Argentina,4,10,14,5,11,16,4,10,14,0,2.156824,2.156824
8827,UD Oliveirense,,Portugal,15,10,25,20,27,47,15,10,25,0,0,0
2726,Paniliakos Pyrgos,,Greece,33,33,66,46,49,95,33,33,66,0,0.25957,0.25957
4589,Athinaikos AS,,Greece,12,14,26,14,21,35,12,14,26,0,0.003468,0.003468
11411,FC Banants Yerevan,,Armenia,6,6,12,8,18,26,6,6,12,0,0.053191,0.053191
720,FC Porto,,Portugal,191,146,337,522,259,781,191,146,337,83.605486,165.514697,249.120183
2990,Académica Coimbra,,Portugal,131,132,263,230,229,459,131,132,263,1.127482,2.780672,3.908154
2227,SK Tavriya Simferopol,,Ukraine,103,79,182,180,158,338,103,79,182,0.168929,1.359534,1.528463
10719,FC Zestafoni,,Georgia,3,3,6,5,4,9,3,3,6,0,0.445324,0.445324
5545,FC FASTAV Zlin,,Czech Republic,59,58,117,107,103,210,59,58,117,0.006757,0.320207,0.326964
122,SK Sturm Graz,,Austria,105,116,221,175,195,370,105,116,221,2.129298,3.794888,5.924186
940,Celta de Vigo,,Spain,96,99,195,152,151,303,96,99,195,13.628114,25.312687,38.9408
1397,FC Gueugnon,,France,14,18,32,18,31,49,14,18,32,0,0,0
3945,Sprimont Comblain Sport,,Belgium,2,2,4,2,2,4,2,2,4,0,0,0
475,Sint-Truidense VV,,Belgium,110,111,221,164,206,370,110,111,221,0.613732,2.046004,2.659736
1029,Club Atlético Vélez Sarsfield,,Argentina,10,32,42,11,40,51,10,32,42,1.393782,17.156734,18.550516
384,MVV Maastricht,,Netherlands,23,29,52,35,54,89,23,29,52,0,0.098578,0.098578
192,Roda JC Kerkrade,,Netherlands,83,127,210,157,190,347,83,127,210,1.762605,7.550579,9.313184
41798,Trabzonspor U19,,Turkey,0,1,1,0,1,1,0,1,1,0,0.007018,0.007018
39722,Büyüksehir Belediye Erzurumspor,,Turkey,29,19,48,36,20,56,29,19,48,0.068393,0,0.068393
3037,Calcio Padova,,Italy,18,24,42,35,83,118,18,24,42,1.996027,0.941938,2.937965
2598,FK Marila Pribram,,Czech Republic,83,96,179,198,231,429,83,96,179,0.176378,1.042537,1.218915
1443,MSK Zilina,,Slovakia,24,38,62,33,42,75,24,38,62,0.309281,3.308821,3.618102
498,KSC Lokeren,,Belgium,146,142,288,204,194,398,146,142,288,2.196809,7.961095,10.157904
417,OGC Nice,,France,104,118,222,180,171,351,104,118,222,19.651901,30.407531,50.059432
1416,SC Amiens,,France,40,46,86,54,64,118,40,46,86,0.819271,1.40581,2.225081
25243,Grêmio Esportivo Anápolis (GO),,Brazil,14,16,30,32,21,53,14,16,30,0,0.026316,0.026316
34559,La Hoya Lorca CF,,Spain,1,7,8,1,8,9,1,7,8,0,0,0
1436,SC Beira-Mar,,Portugal,85,86,171,138,156,294,85,86,171,0.107479,1.477092,1.584571
37474,Grêmio Novorizontino (SP),,Brazil,1,2,3,1,2,3,1,2,3,0,0,0
18105,FK Lviv,,Ukraine,27,26,53,47,43,90,27,26,53,0,0.051045,0.051045
312,Dinamo Bukarest,,Romania,30,49,79,31,67,98,30,49,79,0.462906,8.606573,9.069479
419,GNK Dinamo Zagreb,,Croatia,143,157,300,406,281,687,143,157,300,11.382782,42.489062,53.871845
11107,Videoton FC,,Hungary,26,24,50,28,27,55,26,24,50,0.373236,0.437657,0.810893
2672,APO Levadiakos,,Greece,136,133,269,213,209,422,136,133,269,0.105281,0.260501,0.365782
1305,Odra Wodzislaw Slaski,,Poland,4,3,7,4,3,7,4,3,7,0,0.052632,0.052632
6992,Chornomorets Odessa,,Ukraine,126,118,244,207,208,415,126,118,244,1.056535,0.587351,1.643886
12005,FC Zlate Moravce-Vrable,,Slovakia,6,11,17,7,17,24,6,11,17,0,0,0
1161,FC Chamois Niort,,France,15,19,34,18,24,42,15,19,34,0,0.502813,0.502813
1283,FC Emmen,,Netherlands,29,29,58,58,52,110,29,29,58,0.056335,0.111539,0.167874
1090,AZ Alkmaar,,Netherlands,70,101,171,179,167,346,70,101,171,20.938201,32.103334,53.041535
5405,FK Sloboda Tuzla,,Bosnia-Herzegovina,5,11,16,8,13,21,5,11,16,0,0.267482,0.267482
2655,Vicenza Calcio,,Italy,42,44,86,91,139,230,42,44,86,1.915,6.167302,8.082303
2421,SC Freamunde,,Portugal,7,14,21,7,28,35,7,14,21,0,0,0
2420,Vitória Guimarães SC,,Portugal,138,149,287,242,259,501,138,149,287,2.317378,10.652754,12.970132
1268,ADO Den Haag,,Netherlands,95,122,217,181,196,377,95,122,217,0.625002,2.37899,3.003992
306,SC Heerenveen,,Netherlands,115,144,259,228,236,464,115,144,259,10.411145,30.416696,40.827841
41,Hamburger SV,,Germany,123,119,242,196,188,384,123,119,242,55.760982,39.996253,95.757236
6163,FK Senica,,Slovakia,20,22,42,28,39,67,20,22,42,0,0,0
16247,Stal Dniprodzerzhynsk,,Ukraine,31,40,71,47,61,108,31,40,71,0,0,0
5587,AC Juve Stabia,,Italy,12,21,33,15,57,72,12,21,33,0.023256,0.238095,0.261351
410,Udinese Calcio,,Italy,314,182,496,733,335,1068,314,182,496,46.900604,90.418556,137.31916
999,NK Istra 1961,,Croatia,142,155,297,264,269,533,142,155,297,0.000418,0.469165,0.469582
8460,NK Medulin,,Croatia,1,1,2,3,1,4,1,1,2,0,0,0
3552,BFC Siófok,,Hungary,2,1,3,2,1,3,2,1,3,0,0,0
3733,Neftekhimik Nizhnekamsk,,Russia,7,9,16,9,21,30,7,9,16,0,0.029703,0.029703
8820,Hampton & Richmond Borough,,England,1,2,3,1,2,3,1,2,3,0,0,0
17974,Deportivo Municipal,,Peru,2,1,3,2,1,3,2,1,3,0,0,0
5287,Chernomorets Novorossijsk,,Russia,39,34,73,61,59,120,39,34,73,0.043406,0.381499,0.424905
601,KV Kortrijk,,Belgium,92,70,162,151,142,293,92,70,162,0.399411,2.159388,2.558799
3793,Beitar Jerusalem,,Israel,17,22,39,19,24,43,17,22,39,0.787073,0.596316,1.383389
641,Middlesbrough FC,,England,99,104,203,180,177,357,99,104,203,50.988062,28.251339,79.239401
8024,FC Arouca,,Portugal,57,49,106,79,79,158,57,49,106,0,0.335101,0.335101
4787,Dunaferr SE,,Hungary,1,3,4,1,3,4,1,3,4,0,0,0
1147,AC Ajaccio,,France,75,79,154,110,127,237,75,79,154,0.231146,1.219792,1.450938
1408,Piacenza FC,,Italy,36,41,77,56,107,163,36,41,77,0.89051,6.110352,7.000862
971,Scarborough Athletic,,England,3,5,8,3,6,9,3,5,8,0,0.019355,0.019355
441,Apollon Smyrnis,,Greece,63,69,132,113,119,232,63,69,132,0,0.042788,0.042788
2251,ACD Treviso,,Italy,30,30,60,38,66,104,30,30,60,0.616284,2.912102,3.528386
1386,Reggina Calcio,,Italy,97,80,177,181,185,366,97,80,177,7.621926,15.115695,22.737621
13,Atlético Madrid,,Spain,110,93,203,270,189,459,110,93,203,145.043436,111.201768,256.245205
332,FC Bari 1908,,Italy,70,51,121,122,170,292,70,51,121,5.550465,11.358874,16.909338
4795,FC Ingolstadt 04,,Germany,35,25,60,49,32,81,35,25,60,2.134752,1.952235,4.086987
23826,RB Leipzig,,Germany,36,27,63,64,31,95,36,27,63,19.853374,6.683008,26.536383
2878,SV Huizen,,Netherlands,3,1,4,3,1,4,3,1,4,0,0,0
353,Lillestrøm SK,,Norway,9,19,28,9,22,31,9,19,28,0,1.955644,1.955644
8835,Spartak Nalchik,,Russia,70,72,142,90,113,203,70,72,142,0.3032,1.463539,1.766739
6377,FK Ustí nad Labem,,Czech Republic,11,22,33,34,76,110,11,22,33,0,0,0
814,FK Teplice,,Czech Republic,97,89,186,230,181,411,97,89,186,0.192241,3.256356,3.448596
5621,AC Reggiana,,Italy,16,21,37,24,49,73,16,21,37,0.066553,0.195853,0.262406
18858,FK Slavoj Vysehrad,,Czech Republic,7,4,11,11,11,22,7,4,11,0,0,0
1210,AS Livorno,,Italy,79,74,153,120,158,278,79,74,153,4.587306,10.520142,15.107448
976,CF União Madeira,,Portugal,29,27,56,42,46,88,29,27,56,0,0,0
28936,Spartaks Jurmala,,Latvia,4,1,5,4,1,5,4,1,5,0,0,0
3592,Kryvbas Kryvyi Rih,,Ukraine,86,91,177,167,222,389,86,91,177,0.431345,0.230656,0.662001
339,Dnipro Dnipropetrovsk,,Ukraine,54,70,124,179,134,313,54,70,124,17.570195,5.709311,23.279506
9439,Feralpisalò,,Italy,5,14,19,6,30,36,5,14,19,0,0,0
2740,Vorskla Poltava,,Ukraine,91,90,181,157,162,319,91,90,181,0.591805,1.286985,1.87879
9265,Manchester City U23,,England,16,12,28,24,12,36,16,12,28,0,1.561896,1.561896
468,Sparta Rotterdam,,Netherlands,63,84,147,110,150,260,63,84,147,0.014927,3.663371,3.678298
3943,HSV Hoek,,Netherlands,7,0,7,7,0,7,7,0,7,0,0,0
1038,UC Sampdoria,,Italy,197,132,329,500,303,803,197,132,329,44.202159,37.87174,82.073899
13716,1.SC Znojmo,,Czech Republic,15,16,31,20,45,65,15,16,31,0,0,0
4294,SC Farense,,Portugal,24,32,56,26,45,71,24,32,56,0,0,0
150,Real Betis Balompié,,Spain,106,101,207,183,163,346,106,101,207,35.420419,23.46761,58.888029
8023,Al-Ittihad Jeddah,,Saudi Arabia,17,18,35,19,20,39,17,18,35,3.102633,0.065789,3.168423
6227,Red Bull Juniors Salzburg,,Austria,6,11,17,15,33,48,6,11,17,0,0.047619,0.047619
2394,SV Kapfenberg,,Austria,58,49,107,96,83,179,58,49,107,0.017428,0.427513,0.444941
603,Cardiff City,,England,56,48,104,88,79,167,56,48,104,12.347456,12.009454,24.35691
164,Blackburn Rovers,,England,123,102,225,227,188,415,123,102,225,34.774265,43.958166,78.732431
27525,Santarcangelo Calcio,,Italy,5,18,23,6,36,42,5,18,23,0,0,0
6195,SSC Napoli,,Italy,171,115,286,392,195,587,171,115,286,90.826622,49.819656,140.646278
2156,AEK Larnaca,,Cyprus,36,20,56,50,23,73,36,20,56,0,0.167018,0.167018
128,Skoda Xanthi,,Greece,211,184,395,312,283,595,211,184,395,0.458017,2.313645,2.771661
4603,AE Larisa,,Greece,128,118,246,199,190,389,128,118,246,0.778685,0.763683,1.542369
4467,TSV Hartberg,,Austria,15,15,30,27,36,63,15,15,30,0,0.013982,0.013982
856,SV Mattersburg,,Austria,60,58,118,82,83,165,60,58,118,0.002252,0.279478,0.28173
11083,NK Rudes,,Croatia,37,45,82,67,90,157,37,45,82,0,0,0
1079,Liaoning FC,,China,6,3,9,7,3,10,6,3,9,1.406015,0.171092,1.577107
1111,KSC Eendracht Aalst,,Belgium,35,30,65,46,56,102,35,30,65,0,0.070029,0.070029
42,Hannover 96,,Germany,119,101,220,173,162,335,119,101,220,18.215521,9.578063,27.793584
3225,K Patro Maasmechelen,,Belgium,11,12,23,13,19,32,11,12,23,0,0.071542,0.071542
718,KFC Lommel SK,,Belgium,13,18,31,16,25,41,13,18,31,0,0.058734,0.058734
667,RC Strasbourg Alsace,,France,75,87,162,99,137,236,75,87,162,5.141207,13.602754,18.743961
964,Zenit St. Petersburg,,Russia,99,71,170,179,102,281,99,71,170,78.91422,31.538527,110.452747
2696,Krylya Sovetov Samara,,Russia,116,115,231,220,207,427,116,115,231,8.286588,6.088827,14.375415
159,Red Star Belgrade,,Serbia,36,71,107,46,93,139,36,71,107,1.171165,18.762952,19.934117
3725,Terek Grozny,,Russia,96,95,191,165,129,294,96,95,191,9.540968,1.765192,11.30616
199,Sport Club Corinthians Paulista,,Brazil,33,56,89,40,87,127,33,56,89,14.984908,37.310527,52.295435
404,FC Den Bosch,,Netherlands,31,38,69,54,69,123,31,38,69,0,0.217049,0.217049
3396,Ethnikos Asteras,,Greece,40,35,75,67,52,119,40,35,75,0,0.034164,0.034164
762,Newcastle United,,England,152,120,272,278,196,474,152,120,272,110.424941,75.40374,185.828681
167,FC Augsburg,,Germany,71,60,131,116,92,208,71,60,131,8.24204,5.567209,13.809249
74,TSV Schwabmünchen,,Germany,1,0,1,1,0,1,1,0,1,0,0,0
29424,NK Novigrad,,Croatia,2,3,5,9,7,16,2,3,5,0,0,0
3558,GFC Ajaccio,,France,22,34,56,27,41,68,22,34,56,0,0.22036,0.22036
2451,Inverness Caledonian Thistle FC,,Scotland,3,5,8,4,6,10,3,5,8,0.015096,0,0.015096
86,SV Werder Bremen,,Germany,120,111,231,186,171,357,120,111,231,37.409362,41.666081,79.075443
279,Ferencvárosi TC,,Hungary,17,19,36,20,22,42,17,19,36,0.08254,1.854369,1.936908
1421,Stade Reims,,France,50,56,106,70,69,139,50,56,106,2.618442,3.201477,5.819919
11158,Oyak Renaultspor,,Turkey,2,1,3,4,11,15,2,1,3,0,0,0
11033,NK Aluminij Kidricevo,,Slovenia,3,8,11,4,8,12,3,8,11,0,0.014815,0.014815
368,Sevilla FC,,Spain,125,109,234,217,196,413,125,109,234,70.690408,91.835717,162.526125
121,Dinamo Moscow,,Russia,117,101,218,212,178,390,117,101,218,49.116019,25.367616,74.483636
30,FC Hansa Rostock,,Germany,41,47,88,62,65,127,41,47,88,1.794571,1.137772,2.932343
6692,Novara Calcio 1908,,Italy,29,38,67,49,78,127,29,38,67,2.537612,2.569837,5.107449
26854,Asteras Magoulas,,Greece,3,6,9,5,7,12,3,6,9,0,0,0
479,Slezsky FC Opava,,Czech Republic,38,47,85,69,87,156,38,47,85,0.048185,0.456963,0.505148
583,Paris Saint-Germain,,France,123,115,238,233,172,405,123,115,238,186.851541,62.837334,249.688875
337,Birmingham City,,England,98,93,191,158,178,336,98,93,191,29.858499,28.762563,58.621062
7918,AS Trencin,,Slovakia,12,26,38,23,42,65,12,26,38,0,0.844069,0.844069
28956,AEL Kalloni,,Greece,52,39,91,69,55,124,52,39,91,0,0.003924,0.003924
8146,FC Senec,,Slovakia,3,6,9,3,7,10,3,6,9,0.113954,0.113954,0.227909
2311,SK Sigma Olomouc,,Czech Republic,95,88,183,191,152,343,95,88,183,0.260143,3.141766,3.40191
31,Liverpool FC,,England,178,127,305,336,197,533,178,127,305,219.821283,122.236622,342.057905
5572,Niki Volou,,Greece,31,44,75,44,81,125,31,44,75,0,0,0
383,PSV Eindhoven,,Netherlands,106,115,221,197,174,371,106,115,221,46.541444,53.483306,100.02475
3690,SKA-Energia Khabarovsk,,Russia,36,36,72,50,55,105,36,36,72,0.004505,0.122767,0.127271
861,CA Peñarol,,Uruguay,19,29,48,20,41,61,19,29,48,0,5.602953,5.602953
14171,FC Évian Thonon Gaillard,,France,39,49,88,46,62,108,39,49,88,1.422981,1.892962,3.315943
1005,US Lecce,,Italy,94,76,170,156,179,335,94,76,170,5.206929,21.259918,26.466846
969,HSC Montpellier,,France,70,79,149,99,115,214,70,79,149,6.89264,19.3114,26.20404
10314,NK Karlovac 1919,,Croatia,37,41,78,67,61,128,37,41,78,0.004648,0.136752,0.141401
2416,NK Konavljanin,,Croatia,5,2,7,5,2,7,5,2,7,0,0,0
15156,Konya Anadolu Selcukspor,,Turkey,7,8,15,9,42,51,7,8,15,0,0,0
16795,Granada CF,,Spain,115,85,200,194,173,367,115,85,200,8.587911,9.573583,18.161494
15300,Dinamo Samarqand,,Uzbekistan,0,2,2,0,2,2,0,2,2,0,0,0
13552,Xiamen Lanshi,,China,0,1,1,0,1,1,0,1,1,0,0,0
25,FC Energie Cottbus,,Germany,75,66,141,101,94,195,75,66,141,2.541743,3.959342,6.501085
512,Stoke City,,England,112,78,190,214,133,347,112,78,190,43.249275,12.169245,55.418521
1045,Notts County,,England,16,20,36,21,33,54,16,20,36,0.400301,0,0.400301
27,Bayern Munich,,Germany,61,64,125,110,105,215,61,64,125,131.535162,48.018363,179.553525
2067,US Créteil-Lusitanos,,France,29,29,58,30,36,66,29,29,58,0.026316,0.068373,0.094688
162,AS Monaco,,France,162,136,298,294,232,526,162,136,298,90.339278,118.480807,208.820085
8728,Aviron Bayonnais,,France,5,8,13,5,9,14,5,8,13,0,0,0
132,NAC Breda,,Netherlands,83,115,198,147,195,342,83,115,198,0.580531,3.285196,3.865728
7006,Melbourne Victory,,Australia,16,7,23,16,7,23,16,7,23,0.056977,0.08547,0.142447
1091,PAOK Thessaloniki,,Greece,187,160,347,366,259,625,187,160,347,4.585303,6.861764,11.447067
367,Rayo Vallecano,,Spain,82,95,177,131,146,277,82,95,177,1.243986,4.521148,5.765134
28,FC Bayern Munich II,,Germany,9,21,30,12,24,36,9,21,30,0.034188,0.728343,0.762531
72,TSV 1860 Munich,,Germany,51,60,111,64,101,165,51,60,111,3.128414,7.735451,10.863866
80,VfL Bochum,,Germany,63,76,139,99,117,216,63,76,139,4.331495,7.57186,11.903355
699,Helsingborgs IF,,Sweden,14,17,31,16,22,38,14,17,31,0.021006,4.275733,4.29674
4718,SS Virtus Lanciano,,Italy,10,23,33,14,62,76,10,23,33,0.33014,0.536273,0.866414
703,Nottingham Forest,,England,35,51,86,53,98,151,35,51,86,5.486719,11.376193,16.862911
2750,Bucaspor,,Turkey,32,35,67,45,57,102,32,35,67,0.095238,0.848926,0.944164
3709,Getafe CF,,Spain,88,93,181,177,167,344,88,93,181,17.451508,22.084098,39.535606
62,SK Slavia Prag,,Czech Republic,122,124,246,299,235,534,122,124,246,4.830792,8.47732,13.308112
8054,Sydney FC,,Australia,13,8,21,13,9,22,13,8,21,0,0.043398,0.043398
7,El Ahly Cairo,,Egypt,12,13,25,15,17,32,12,13,25,0.231396,1.902511,2.133907
331,CA Osasuna,,Spain,81,88,169,129,152,281,81,88,169,6.602757,16.01676,22.619517
631,Chelsea FC,,England,196,110,306,437,172,609,196,110,306,322.818851,123.365724,446.184575
47,Iraklis Thessaloniki,,Greece,131,140,271,217,239,456,131,140,271,1.234778,3.68427,4.919048
990,Coventry City,,England,31,33,64,48,86,134,31,33,64,3.956722,12.254439,16.211161
1020,Portsmouth FC,,England,101,100,201,196,181,377,101,100,201,33.805375,31.999655,65.80503
985,Manchester United,,England,138,92,230,302,163,465,138,92,230,228.32731,93.956868,322.284177
19561,Sertanense FC,,Portugal,3,4,7,5,6,11,3,4,7,0,0,0
1050,Villarreal CF,,Spain,115,100,215,211,179,390,115,100,215,73.020184,63.625924,136.646108
750,FC Sochaux-Montbéliard,,France,83,101,184,123,156,279,83,101,184,12.753265,25.764522,38.517787
3911,Stade Brest 29,,France,48,51,99,59,77,136,48,51,99,1.911057,2.885552,4.796609
1071,Wigan Athletic,,England,98,81,179,164,148,312,98,81,179,30.206108,31.478379,61.684486
9829,Southport FC,,England,2,2,4,2,2,4,2,2,4,0,0,0
4083,FC Crotone,,Italy,53,52,105,90,155,245,53,52,105,1.009429,2.867254,3.876683
540,Slovan Bratislava,,Slovakia,26,33,59,35,45,80,26,33,59,0.184274,0.964352,1.148626
873,Crystal Palace,,England,108,74,182,172,136,308,108,74,182,28.24684,17.926015,46.172855
148,Tottenham Hotspur,,England,162,110,272,386,197,583,162,110,272,179.709321,116.570494,296.279815
6804,NK Travnik,,Bosnia-Herzegovina,5,2,7,5,2,7,5,2,7,0,0,0
8578,NK Mosor Zrnovnica,,Croatia,9,10,19,17,39,56,9,10,19,0,0,0
829,Omonia Nicosia,,Cyprus,44,26,70,61,31,92,44,26,70,0.095542,0.052632,0.148173
8348,SV Bad Schallerbach,,Austria,1,0,1,1,0,1,1,0,1,0,0,0
2783,Metalurh Donetsk,,Ukraine,119,91,210,217,171,388,119,91,210,4.582475,3.781327,8.363803
350,Sheffield United,,England,41,52,93,64,99,163,41,52,93,7.928162,10.854208,18.78237
458,US Palermo,,Italy,168,113,281,396,243,639,168,113,281,68.246588,68.618335,136.864924
17,Borussia Dortmund II,,Germany,11,15,26,11,16,27,11,15,26,0.014706,0.114554,0.12926
1533,SD Eibar,,Spain,58,57,115,95,99,194,58,57,115,2.187237,1.713672,3.900909
2296,CD Numancia,,Spain,42,46,88,66,82,148,42,46,88,0.199638,0.7842,0.983837
3841,Güngören Belediyespor,,Turkey,5,7,12,6,9,15,5,7,12,0,0,0
10234,Rudar Labin,,Croatia,3,2,5,4,2,6,3,2,5,0,0,0
1042,Crewe Alexandra,,England,4,22,26,4,40,44,4,22,26,0.034186,3.939394,3.97358
2337,NK Istra Pula,,Croatia,2,6,8,5,11,16,2,6,8,0,0,0
6676,Asteras Tripolis,,Greece,136,130,266,229,200,429,136,130,266,1.105696,1.172581,2.278277
7682,Lombard Pápa FC,,Hungary,5,4,9,5,4,9,5,4,9,0,0.091164,0.091164
2703,Alania Vladikavkaz,,Russia,80,88,168,119,143,262,80,88,168,4.053106,2.058487,6.111593
13726,MFK Karvina,,Czech Republic,37,35,72,54,64,118,37,35,72,0.007407,0,0.007407
6574,US Sassuolo,,Italy,82,47,129,163,103,266,82,47,129,16.713559,12.501663,29.215221
1775,Club Atlético San Lorenzo de Almagro,,Argentina,27,37,64,29,45,74,27,37,64,2.332655,8.77391,11.106565
209,Club Atlético River Plate,,Argentina,30,55,85,41,84,125,30,55,85,2.775374,57.39986,60.175234
4146,Pro Patria Gallaratese GB,,Italy,9,17,26,10,29,39,9,17,26,0.023256,0,0.023256
16424,Toledo Colonia Work (PR),,Brazil,0,1,1,0,2,2,0,1,1,0,0,0
2639,União de Leiria,,Portugal,103,93,196,161,155,316,103,93,196,0.119931,3.717603,3.837534
1035,Sheffield Wednesday,,England,40,46,86,57,87,144,40,46,86,3.783341,1.706298,5.489639
11194,NK Lokomotiva Zagreb,,Croatia,62,65,127,238,208,446,62,65,127,0.219826,1.887349,2.107175
1049,Valencia CF,,Spain,124,96,220,251,176,427,124,96,220,118.926992,94.894116,213.821108
2754,FC National Bukarest,,Romania,9,8,17,10,9,19,9,8,17,0,0.634371,0.634371
1186,Torpedo Moscow,,Russia,57,53,110,83,110,193,57,53,110,1.802561,4.614997,6.417557
369,Lyngby BK,,Denmark,8,9,17,8,9,17,8,9,17,0,0.119048,0.119048
9241,Diósgyőri VTK,,Hungary,9,11,20,9,11,20,9,11,20,0,0.036279,0.036279
660,Shakhtar Donetsk,,Ukraine,102,68,170,243,115,358,102,68,170,64.526451,57.850768,122.377219
1385,Modena FC 2018,,Italy,30,40,70,70,126,196,30,40,70,0.8565,0.874639,1.731139
2776,NK Kamen Ingrad Velika,,Croatia,29,33,62,46,56,102,29,33,62,0,0.197668,0.197668
1010,Watford FC,,England,105,69,174,176,136,312,105,69,174,27.01018,20.830275,47.840456
1540,NK Bjelovar,,Croatia,3,6,9,5,14,19,3,6,9,0,0,0
2375,Altay SK,,Turkey,34,38,72,64,74,138,34,38,72,0.032489,1.088859,1.121348
7646,AO Chania,,Greece,15,13,28,20,19,39,15,13,28,0,0,0
3368,Levante UD,,Spain,92,95,187,160,165,325,92,95,187,6.934463,11.581898,18.516361
6110,Korona Kielce,,Poland,10,8,18,11,8,19,10,8,18,0,0.143239,0.143239
2464,FC Barcelona B,,Spain,14,42,56,16,55,71,14,42,56,1.339364,3.72171,5.061074
2319,Inegölspor,,Turkey,8,18,26,9,27,36,8,18,26,0,0.034884,0.034884
2425,Rio Ave FC,,Portugal,126,110,236,217,193,410,126,110,236,0.939458,4.138251,5.077708
2459,FC Tirsense,,Portugal,6,3,9,7,5,12,6,3,9,0,0,0
1041,Olympique Lyon,,France,91,96,187,162,165,327,91,96,187,100.401161,97.001731,197.402891
409,Red Bull Salzburg,,Austria,172,133,305,279,207,486,172,133,305,18.727683,21.850739,40.578422
3057,Standard Liège,,Belgium,180,175,355,320,285,605,180,175,355,17.305438,29.89596,47.201397
553,Ionikos Nikeas,,Greece,93,75,168,135,119,254,93,75,168,0.121035,0.216487,0.337522
10484,Kasimpasa,,Turkey,105,83,188,150,131,281,105,83,188,4.167767,2.648361,6.816128
6890,Istanbul Basaksehir,,Turkey,93,68,161,174,133,307,93,68,161,4.756343,2.701291,7.457634
1180,Dinamo Minsk,,Belarus,23,25,48,27,34,61,23,25,48,0.012895,1.174185,1.18708
27288,EC Pelotas (RS),,Brazil,2,3,5,2,3,5,2,3,5,0,0.03871,0.03871
13937,FC Zbrojovka Brno U19,,Czech Republic,0,1,1,0,1,1,0,1,1,0,0,0
3891,ASEC Mimosas,,Cote d'Ivoire,3,14,17,3,36,39,3,14,17,0,0.509442,0.509442
1506,Kardemir Karabükspor,,Turkey,103,77,180,169,162,331,103,77,180,1.567598,2.686673,4.254271
1089,Darlington FC (liq.),,England,11,12,23,18,27,45,11,12,23,0.041386,0.093023,0.134409
21520,Mikkelin Palloilijat,,Finland,1,0,1,1,0,1,1,0,1,0,0,0
467,NEC Nijmegen,,Netherlands,96,102,198,151,190,341,96,102,198,1.610471,5.413329,7.0238
3426,Esbjerg fB,,Denmark,9,20,29,11,22,33,9,20,29,0.121434,1.302778,1.424213
1241,Livingston FC,,Scotland,11,11,22,14,14,28,11,11,22,0,0.069767,0.069767
12861,FK Bohemians Prag,,Czech Republic,26,30,56,42,55,97,26,30,56,0.034884,0,0.034884
135,FK Chmel Blsany,,Czech Republic,37,38,75,61,81,142,37,38,75,0.159536,0.37875,0.538286
4331,Trapani Calcio,,Italy,8,16,24,8,31,39,8,16,24,0.009901,0.182902,0.192803
8970,Frosinone Calcio,,Italy,31,42,73,48,74,122,31,42,73,1.446179,1.100783,2.546962
2838,AFC Amsterdam,,Netherlands,4,2,6,4,2,6,4,2,6,0,0,0
1237,Brighton & Hove Albion,,England,60,40,100,80,74,154,60,40,100,11.016273,4.350761,15.367035
14807,SE Palmeiras B,,Brazil,2,5,7,2,7,9,2,5,7,0,0,0
39,1.FSV Mainz 05,,Germany,97,90,187,160,140,300,97,90,187,16.137737,24.917313,41.05505
433,FC Koper,,Slovenia,21,17,38,30,24,54,21,17,38,0,0.217751,0.217751
2444,FC Wacker Innsbruck,,Austria,60,54,114,118,118,236,60,54,114,0.354183,0.936255,1.290439
697,FC Slovan Liberec,,Czech Republic,110,120,230,245,211,456,110,120,230,1.215176,5.873516,7.088693
804,SK Zelezarny Trinec,,Czech Republic,16,11,27,25,27,52,16,11,27,0.039984,0,0.039984
30200,Fréjus-Saint-Raphaël FC,,France,8,8,16,8,13,21,8,8,16,0,0,0
377,FC Banik Ostrava,,Czech Republic,99,101,200,201,205,406,99,101,200,0.537841,6.173603,6.711445
7478,Esporte Clube Santo André (SP),,Brazil,7,5,12,10,7,17,7,5,12,0,0.005319,0.005319
3327,FC Penafiel,,Portugal,46,54,100,72,92,164,46,54,100,0.078947,0.180617,0.259564
2929,CD Toledo,,Spain,4,5,9,4,5,9,4,5,9,0,0,0
1108,Deportivo Alavés,,Spain,75,76,151,108,122,230,75,76,151,2.762636,6.29078,9.053416
156,Levski Sofia,,Bulgaria,37,41,78,44,54,98,37,41,78,0.339954,3.202893,3.542847
290,AJ Auxerre,,France,78,94,172,114,154,268,78,94,172,14.832969,29.94749,44.780459
2,1.FC Kaiserslautern,,Germany,75,90,165,111,153,264,75,90,165,7.815516,7.406624,15.22214
984,West Bromwich Albion,,England,106,107,213,195,159,354,106,107,213,41.280178,23.136948,64.417126
931,Fulham FC,,England,164,130,294,291,200,491,164,130,294,62.353319,35.926672,98.279991
13509,Al-Wakrah Sports Club,,Qatar,14,4,18,16,4,20,14,4,18,0.131579,0,0.131579
14176,Lokomotiv Minsk,,Belarus,3,3,6,6,6,12,3,3,6,0,0,0
3493,KSC Lokeren U19,,Belgium,0,1,1,0,1,1,0,1,1,0,0,0
7185,Panthrakikos Komotini,,Greece,85,82,167,115,139,254,85,82,167,0.022725,0.262166,0.284892
20684,Artvin Hopaspor,,Turkey,0,5,5,0,6,6,0,5,5,0,0,0
740,Yimpas Yozgatspor,,Turkey,31,28,59,46,54,100,31,28,59,0,0,0
10468,Stal Alchevsk,,Ukraine,27,25,52,35,60,95,27,25,52,0.002539,0.131579,0.134118
18913,Les Astres FC,,Cameroon,1,0,1,1,0,1,1,0,1,0,0,0
2976,Hapoel Beer Sheva,,Israel,10,10,20,14,13,27,10,10,20,0,0.081222,0.081222
168,Zaglebie Lubin,,Poland,19,24,43,19,28,47,19,24,43,0.101832,0.36774,0.469571
7670,SO Cassis Carnoux,,France,3,4,7,3,5,8,3,4,7,0,0.027948,0.027948
2462,Fluminense Football Club,,Brazil,25,49,74,31,67,98,25,49,74,1.200084,20.264648,21.464732
2698,Rubin Kazan,,Russia,156,117,273,270,181,451,156,117,273,42.410281,16.911925,59.322206
18938,AS Calcio Figline,,Italy,2,3,5,3,6,9,2,3,5,0,0,0
1104,FC Messina Peloro,,Italy,45,44,89,65,86,151,45,44,89,0.113954,0.768903,0.882857
1420,SCO Angers,,France,54,53,107,83,79,162,54,53,107,1.38299,5.760076,7.143066
10483,Genclerbirligi Oftasspor,,Turkey,43,27,70,55,128,183,43,27,70,0.348837,0.50102,0.849857
1053,Aalborg BK,,Denmark,19,28,47,20,32,52,19,28,47,0.108414,2.401861,2.510275
4000,Lechia Gdansk,,Poland,21,14,35,21,19,40,21,14,35,0.104067,0.236007,0.340074
5268,Torpedo-ZiL Moskau,,Russia,65,63,128,116,122,238,65,63,128,8.409213,6.327179,14.736392
44548,LISCR FC,,Liberia,0,2,2,0,2,2,0,2,2,0,0.009384,0.009384
4634,FK Vozdovac,,Serbia,8,10,18,8,11,19,8,10,18,0,0.261019,0.261019
1627,Calcio Catania,,Italy,122,96,218,228,171,399,122,96,218,11.304955,12.839631,24.144586
22619,SS Milazzo,,Italy,1,4,5,8,17,25,1,4,5,0,0.059524,0.059524
21331,AS Pordenone Calcio,,Italy,4,11,15,4,17,21,4,11,15,0,0,0
1253,AS Lucchese Libertas,,Italy,9,18,27,12,32,44,9,18,27,0,0,0
27568,US Gavorrano,,Italy,4,8,12,4,21,25,4,8,12,0,0,0
19083,MFK Frydek-Mistek,,Czech Republic,8,10,18,13,18,31,8,10,18,0,0,0
2671,PAS Giannina,,Greece,104,84,188,166,153,319,104,84,188,0.123677,0.621428,0.745105
980,APO Fostiras,,Greece,12,18,30,21,30,51,12,18,30,0,0,0
850,FC Wil 1900,,Switzerland,16,12,28,18,12,30,16,12,28,0.066332,0.171183,0.237515
225,FC St. Pauli II,,Germany,0,1,1,0,1,1,0,1,1,0,0,0
3706,Doxa Dramas,,Greece,33,29,62,57,43,100,33,29,62,0,0,0
6678,Thrasyvoulos Fylis,,Greece,31,24,55,49,49,98,31,24,55,0,0.100882,0.100882
3812,NK Drava Dakinda Ptuj,,Slovenia,6,6,12,6,6,12,6,6,12,0,0,0
14766,NK Primorac Stobrec,,Croatia,3,2,5,6,35,41,3,2,5,0,0,0
81,VfL Osnabrück,,Germany,16,18,34,18,25,43,16,18,34,0.008547,0.13906,0.147607
17959,FK Vitebsk,,Belarus,4,1,5,7,1,8,4,1,5,0,0,0
1897,FC Hradec Králové,,Czech Republic,49,43,92,90,90,180,49,43,92,0.056721,0.766926,0.823647
22,Derby County,,England,60,68,128,90,118,208,60,68,128,14.829152,13.706273,28.535426
1429,AC Cesena,,Italy,69,63,132,155,193,348,69,63,132,6.164015,11.80199,17.966005
408,Ascoli Calcio 1898,,Italy,43,57,100,92,164,256,43,57,100,0.661387,3.674696,4.336083
11300,Athlétic Club Arlésien,,France,30,30,60,33,37,70,30,30,60,0,0.08547,0.08547
2952,FC Sopron,,Hungary,5,3,8,5,3,8,5,3,8,0.009196,0,0.009196
983,TSG 1899 Hoffenheim II,,Germany,1,6,7,1,6,7,1,6,7,0,0.03994,0.03994
24326,Ermis Aradippou,,Cyprus,13,8,21,20,9,29,13,8,21,0,0.002252,0.002252
10,Arminia Bielefeld,,Germany,52,70,122,78,99,177,52,70,122,3.380264,4.266205,7.64647
3610,Seongnam Ilhwa Chunma FC,,"Korea, South",10,8,18,10,9,19,10,8,18,0.084934,0.167483,0.252417
8847,AE Achaiki,,Greece,3,2,5,4,2,6,3,2,5,0,0,0
2720,CD Olimpia,,Honduras,2,4,6,2,6,8,2,4,6,0,0.341644,0.341644
4628,Bursa Merinosspor,,Turkey,2,2,4,5,21,26,2,2,4,0,0,0
4171,Benevento Calcio,,Italy,30,36,66,48,62,110,30,36,66,1.860519,0.848018,2.708537
2430,SC Lourinhanense,,Portugal,1,2,3,1,12,13,1,2,3,0,0,0
1520,NK Pomorac Kostrena,,Croatia,15,9,24,33,41,74,15,9,24,0.001799,0.003551,0.00535
26119,GS Consolat Marseille,,France,2,2,4,2,2,4,2,2,4,0,0,0
1286,Club Atlético Newell's Old Boys,,Argentina,14,28,42,15,31,46,14,28,42,1.485196,11.227685,12.712881
3302,UD Almería,,Spain,53,69,122,79,104,183,53,69,122,7.037699,7.4551,14.492799
610,Ajax Amsterdam,,Netherlands,97,110,207,203,175,378,97,110,207,48.47298,82.725517,131.198497
883,ASV Bergedorf 85,,Germany,2,0,2,2,0,2,2,0,2,0,0,0
60529,FC Shabab Al-Ahli Dubai,,United Arab Emirates,2,0,2,2,0,2,2,0,2,0.067568,0,0.067568
4554,FC Südtirol-Alto Adige,,Italy,9,20,29,10,55,65,9,20,29,0.000085,0.197368,0.197454
6475,1.HFK Olomouc,,Czech Republic,7,9,16,13,20,33,7,9,16,0,0.024752,0.024752
2411,FC Locarno,,Switzerland,4,2,6,4,2,6,4,2,6,0,0,0
4114,ASG Nocerina,,Italy,9,19,28,11,37,48,9,19,28,0,0,0
22786,HNK Capljina,,Bosnia-Herzegovina,2,2,4,2,2,4,2,2,4,0,0,0
3349,CD Feirense,,Portugal,70,69,139,99,97,196,70,69,139,0.034552,0.657445,0.691997
3348,CD Trofense,,Portugal,31,30,61,49,49,98,31,30,61,0,0,0
3687,Uralan Elista,,Russia,28,23,51,42,33,75,28,23,51,0,0.4,0.4
3,1. FC Köln,,Germany,89,95,184,137,135,272,89,95,184,14.136444,13.898609,28.035053
65,SpVgg Greuther Fürth,,Germany,36,46,82,64,81,145,36,46,82,1.204684,4.271263,5.475947
187,1.FC Magdeburg,,Germany,7,5,12,9,6,15,7,5,12,0.025926,0.022637,0.048563
15945,Concordia Chiajna,,Romania,4,4,8,5,5,10,4,4,8,0,0.003704,0.003704
171,Real Murcia CF,,Spain,49,37,86,72,57,129,49,37,86,3.307678,2.047636,5.355314
19,Brescia Calcio,,Italy,86,75,161,150,182,332,86,75,161,6.798217,31.590634,38.388852
2418,FC Arges Pitesti,,Romania,2,3,5,2,3,5,2,3,5,0,0,0
14366,VVV-Venlo/Helmond Sport U19,,Netherlands,0,2,2,0,2,2,0,2,2,0,0,0
4687,ACS SR Brasov,,Romania,9,7,16,10,8,18,9,7,16,0.256426,0.069767,0.326193
1084,Málaga CF,,Spain,125,125,250,171,204,375,125,125,250,23.379139,30.032898,53.412037
2402,Defensa y Justicia,,Argentina,8,5,13,8,5,13,8,5,13,0.062963,0,0.062963
2180,AA La Louviere,,Belgium,56,59,115,80,94,174,56,59,115,0,0.94293,0.94293
6536,CD Palestino,,Chile,1,2,3,1,2,3,1,2,3,0,0,0
9544,NK GOSK Gabela,,Bosnia-Herzegovina,1,4,5,1,4,5,1,4,5,0,0,0
10481,Tobol Kostanay,,Kazakhstan,14,2,16,15,3,18,14,2,16,0,0,0
37024,FC Liefering,,Austria,5,11,16,6,18,24,5,11,16,0,0.003161,0.003161
3551,SC Rheindorf Altach,,Austria,61,63,124,96,99,195,61,63,124,0.021695,0.216882,0.238577
2321,KMSK Deinze,,Belgium,13,13,26,23,22,45,13,13,26,0,0,0
28643,Waasland-Beveren,,Belgium,90,66,156,146,109,255,90,66,156,0.088053,0.520423,0.608477
13702,CF Rayo Majadahonda,,Spain,5,2,7,5,2,7,5,2,7,0,0,0
43562,KAA Gent II,,Belgium,2,5,7,2,5,7,2,5,7,0,0,0
4078,Montreal Impact,,United States,11,5,16,13,9,22,11,5,16,0.033784,0,0.033784
10323,ASV Draßburg,,Austria,1,1,2,1,2,3,1,1,2,0,0,0
25114,Blois Football 41,,France,0,1,1,0,1,1,0,1,1,0,0,0
4814,Naval 1º de Maio,,Portugal,80,65,145,112,93,205,80,65,145,0.12627,0.963349,1.089618
865,FC Midtjylland,,Denmark,22,30,52,25,33,58,22,30,52,1.345646,9.167718,10.513364
6639,AC Cambrai,,France,1,0,1,1,0,1,1,0,1,0,0,0
2058,FC Concordia Basel,,Switzerland,1,1,2,1,1,2,1,1,2,0,0,0
2963,Burton Albion,,England,5,13,18,5,16,21,5,13,18,0,0,0
543,Wolverhampton Wanderers,,England,102,60,162,168,107,275,102,60,162,28.360365,17.382757,45.743122
11972,Villarreal CF B,,Spain,3,9,12,4,9,13,3,9,12,0,0,0
10690,Zorya Luhansk,,Ukraine,74,84,158,144,174,318,74,84,158,0.142035,1.091094,1.233129
2027,NK Samobor,,Croatia,4,2,6,5,5,10,4,2,6,0,0,0
6422,MFK Mykolaiv,,Ukraine,9,7,16,19,10,29,9,7,16,0,0,0
634,MTK Budapest,,Hungary,10,16,26,10,17,27,10,16,26,0,2.057547,2.057547
3892,FC Eindhoven,,Netherlands,23,23,46,37,42,79,23,23,46,0,0.033564,0.033564
6630,Sanliurfaspor,,Turkey,24,27,51,51,52,103,24,27,51,0.026124,0.002924,0.029048
7769,CFR Cluj,,Romania,34,33,67,52,43,95,34,33,67,1.666667,4.348767,6.015434
3135,AS Beauvais Oise,,France,7,14,21,9,17,26,7,14,21,0,0,0
8685,FC Vitkovice,,Czech Republic,10,14,24,15,30,45,10,14,24,0,0,0
4482,Volyn Lutsk,,Ukraine,89,84,173,146,150,296,89,84,173,0.400973,0.606747,1.007719
26,FC Basel 1893,,Switzerland,33,61,94,38,77,115,33,61,94,5.512351,33.005683,38.518035
1159,AS Nancy-Lorraine,,France,77,76,153,107,119,226,77,76,153,8.198049,15.224426,23.422475
4255,AC Arezzo,,Italy,18,25,43,21,57,78,18,25,43,0,3.243324,3.243324
3271,FC Maia,,Portugal,13,13,26,24,20,44,13,13,26,0,0,0
208,CSKA Sofia,,Bulgaria,36,50,86,41,62,103,36,50,86,0.390609,4.140021,4.53063
935,FC Pasching,,Austria,54,37,91,95,80,175,54,37,91,0.246833,0.311923,0.558756
607,AC Venezia 1907,,Italy,38,41,79,48,79,127,38,41,79,0.481443,0.895411,1.376854
24368,SC Heerenveen U21,,Netherlands,0,7,7,0,8,8,0,7,7,0,0,0
13504,Al-Ahly Tripoli,,Libya,1,2,3,1,2,3,1,2,3,0,0,0
866,Club Nacional,,Uruguay,27,44,71,33,59,92,27,44,71,0.051948,13.269093,13.321041
291,AD São Caetano (SP),,Brazil,6,20,26,6,22,28,6,20,26,0,2.109526,2.109526
24898,AC Renate,,Italy,4,11,15,5,38,43,4,11,15,0,0.007643,0.007643
8956,Inter Baku,,Azerbaijan,15,7,22,21,8,29,15,7,22,0,0.021277,0.021277
29228,Royal Excel Mouscron,,Belgium,62,63,125,80,112,192,62,63,125,0.013514,0.121757,0.135271
8172,Atlético Nacional,,Colombia,9,13,22,9,13,22,9,13,22,0.357143,3.922942,4.280085
6158,ASK Schwadorf 1936,,Austria,8,4,12,11,4,15,8,4,12,0,0,0
21101,Kristiansund BK,,Norway,1,2,3,1,2,3,1,2,3,0,0,0
664,Zamalek SC,,Egypt,21,13,34,23,16,39,21,13,34,1.102061,0.37096,1.473022
941,FC Viktoria Plzen,,Czech Republic,94,83,177,265,163,428,94,83,177,1.975503,2.721416,4.696919
6603,Wydad Casablanca,,Morocco,6,8,14,6,10,16,6,8,14,0.030739,0.329747,0.360486
26789,US Pro Vercelli,,Italy,13,22,35,22,68,90,13,22,35,0.573517,1.041378,1.614895
2463,Sakaryaspor,,Turkey,45,41,86,74,80,154,45,41,86,0,0.316791,0.316791
5817,SönderjyskE,,Denmark,5,6,11,8,7,15,5,6,11,0,0.047619,0.047619
10131,SV Grödig,,Austria,28,25,53,51,47,98,28,25,53,0.006948,0.362047,0.368995
60,SC Freiburg,,Germany,85,78,163,130,124,254,85,78,163,8.698154,15.896646,24.5948
66,SpVgg Unterhaching,,Germany,23,28,51,29,31,60,23,28,51,0.513048,0.691755,1.204803
4035,CF Pachuca,,Mexico,11,10,21,11,12,23,11,10,21,0.355494,6.204073,6.559567
355,Bolton Wanderers,,England,117,108,225,190,184,374,117,108,225,23.314552,17.677727,40.992279
668,Sportfreunde Lotte,,Germany,2,2,4,2,2,4,2,2,4,0,0,0
5111,NK Croatia Sesvete,,Croatia,45,43,88,66,76,142,45,43,88,0.006936,0.011056,0.017992
2712,Nyva Ternopil,,Ukraine,7,4,11,8,5,13,7,4,11,0,0,0
131,FC Barcelona,,Spain,77,74,151,155,128,283,77,74,151,231.055219,110.567185,341.622404
7443,Floridsdorfer AC,,Austria,10,6,16,15,15,30,10,6,16,0,0.019048,0.019048
239,Viking Stavanger,,Norway,13,18,31,14,19,33,13,18,31,0.392318,1.078471,1.470789
1160,Nîmes Olympique,,France,28,35,63,36,42,78,28,35,63,0.232861,0.592268,0.825129
124,Rangers FC,,Scotland,53,58,111,73,82,155,53,58,111,21.715239,25.258007,46.973246
10298,KFC Zwarte Leeuw,,Belgium,3,0,3,3,0,3,3,0,3,0,0,0
316,Grazer AK,,Austria,52,52,104,70,83,153,52,52,104,0.36308,1.111797,1.474877
6808,HSK Zrinjski Mostar,,Bosnia-Herzegovina,16,22,38,29,39,68,16,22,38,0,0.098295,0.098295
23032,Neftyanik Yaroslavl,,Russia,0,1,1,0,1,1,0,1,1,0,0,0
2374,Shinnik Yaroslavl,,Russia,70,66,136,116,122,238,70,66,136,0.980538,1.30016,2.280698
20236,Montañeros CF,,Spain,3,2,5,3,2,5,3,2,5,0,0,0
1751,América Futebol Clube (RN),,Brazil,4,3,7,5,3,8,4,3,7,0,0,0
4864,Clube Oriental Lissabon,,Portugal,9,5,14,9,9,18,9,5,14,0,0,0
6600,Sport Club Internacional,,Brazil,33,47,80,39,73,112,33,47,80,4.020565,45.842552,49.863117
12105,NK Junak Sinj,,Croatia,3,6,9,8,27,35,3,6,9,0,0,0
73,TSV 1860 München II,,Germany,1,4,5,1,5,6,1,4,5,0,0,0
9249,Arsenal FC Reserves,,England,6,12,18,8,13,21,6,12,18,0,1.032862,1.032862
2867,Recreativo Huelva,,Spain,39,56,95,57,92,149,39,56,95,3.184643,4.822213,8.006856
8963,Shakhtar Donetsk II,,Ukraine,19,18,37,104,40,144,19,18,37,0,0.034186,0.034186
6993,Ilyichivets Mariupol,,Ukraine,45,66,111,119,179,298,45,66,111,0.059829,0.026316,0.086145
16239,Desna Chernihiv,,Ukraine,22,14,36,40,16,56,22,14,36,0,0,0
2670,Ethnikos Piraeus,,Greece,24,15,39,33,29,62,24,15,39,0,0.068376,0.068376
8510,Getafe CF B,,Spain,3,1,4,5,1,6,3,1,4,0,0,0
358,Charlton Athletic,,England,88,77,165,140,147,287,88,77,165,18.562161,20.334908,38.89707
4102,Carpi FC 1909,,Italy,32,33,65,36,98,134,32,33,65,0.088598,0.771144,0.859742
206,Bröndby IF,,Denmark,26,33,59,30,42,72,26,33,59,1.958286,9.074011,11.032297
2448,Sporting Gijón,,Spain,42,61,103,58,100,158,42,61,103,0.951523,4.564647,5.51617
418,Real Madrid,,Spain,80,67,147,162,134,296,80,67,147,287.078172,127.14311,414.221281
630,Racing Santander,,Spain,80,88,168,115,151,266,80,88,168,7.665199,17.450254,25.115453
30082,Independiente FBC,,Paraguay,0,1,1,0,1,1,0,1,1,0,0.180869,0.180869
25467,Philadelphia Union,,United States,9,6,15,10,6,16,9,6,15,0.085213,0,0.085213
15374,Portogruaro Calcio ASD,,Italy,6,11,17,7,24,31,6,11,17,0,0,0
6,Adanaspor,,Turkey,59,43,102,95,75,170,59,43,102,0.058139,0.857894,0.916032
12939,Cankirispor,,Turkey,2,3,5,2,4,6,2,3,5,0,0,0
10093,Independiente Medellín,,Colombia,3,9,12,3,9,12,3,9,12,0,1.045555,1.045555
1047,Como Calcio,,Italy,38,40,78,50,94,144,38,40,78,0.543687,1.211665,1.755353
1227,RBC Roosendaal,,Netherlands,47,47,94,64,79,143,47,47,94,0,0.062087,0.062087
643,Haarlem,,Netherlands,13,8,21,26,11,37,13,8,21,0,0,0
3212,Maltepespor,,Turkey,1,6,7,1,6,7,1,6,7,0,0,0
95,KFC Uerdingen 05,,Germany,7,7,14,8,8,16,7,7,14,0,0.046713,0.046713
44,Hertha BSC,,Germany,96,94,190,141,147,288,96,94,190,16.093321,19.770654,35.863975
6491,FK Kolin,,Czech Republic,5,6,11,8,10,18,5,6,11,0,0,0
267,IK Start,,Norway,5,4,9,5,4,9,5,4,9,0,0.139535,0.139535
1164,Le Mans Union Club 72,,France,57,59,116,65,85,150,57,59,116,8.136479,15.285601,23.422081
2964,Scunthorpe United,,England,13,17,30,14,29,43,13,17,30,0.056977,0.009064,0.066042
1388,Ancona Calcio,,Italy,30,45,75,43,91,134,30,45,75,0.036426,0.099943,0.13637
5180,Narnese Calcio,,Italy,1,0,1,1,0,1,1,0,1,0,0,0
8373,Città di Siracusa,,Italy,1,11,12,2,14,16,1,11,12,0,0,0
2722,SP Ars et Labor,,Italy,41,34,75,59,84,143,41,34,75,1.821901,0.155706,1.977607
595,SC Bastia,,France,73,90,163,108,150,258,73,90,163,0.583829,11.231862,11.815691
675,Slavia Sofia,,Bulgaria,15,13,28,16,16,32,15,13,28,0,0.993992,0.993992
105,SV Darmstadt 98,,Germany,22,30,52,32,42,74,22,30,52,0.545922,0.911623,1.457545
2259,Lokomotiv Plovdiv,,Bulgaria,6,10,16,8,10,18,6,10,16,0,0.163649,0.163649
656,Al Sadd Sports Club,,Qatar,17,12,29,22,12,34,17,12,29,7.243373,4.254386,11.497758
1290,Grenoble Foot 38,,France,34,40,74,48,52,100,34,40,74,1.062803,0.42258,1.485383
4033,Fermana Calcio 1920,,Italy,7,12,19,8,16,24,7,12,19,0,0,0
1014,HSK Posusje,,Bosnia-Herzegovina,5,10,15,9,15,24,5,10,15,0.027389,0.021287,0.048676
1003,Leicester City,,England,106,87,193,183,151,334,106,87,193,40.197247,23.582387,63.779635
6609,UD Lanzarote,,Spain,1,2,3,1,2,3,1,2,3,0,0,0
1098,Stockport County,,England,9,16,25,10,33,43,9,16,25,0.140735,0.020906,0.161641
9933,VV Katwijk,,Netherlands,5,1,6,6,1,7,5,1,6,0,0,0
4523,CD Marathón,,Honduras,2,4,6,2,4,6,2,4,6,0,0,0
663,Dinamo Tbilisi,,Georgia,15,23,38,17,27,44,15,23,38,0.025806,0.808124,0.83393
8671,KF Vllaznia,,Albania,11,12,23,12,15,27,11,12,23,0,0.23532,0.23532
3038,RSC Anderlecht U19,,Belgium,2,14,16,2,17,19,2,14,16,0,0.078947,0.078947
3736,KSK Ronse,,Belgium,11,8,19,20,10,30,11,8,19,0,0,0
6087,NK Medjimurje Cakovec,,Croatia,56,64,120,85,107,192,56,64,120,0,0.326484,0.326484
10694,FK Gomel,,Belarus,14,8,22,16,10,26,14,8,22,0.008144,0,0.008144
25029,NK Sesvete,,Croatia,10,14,24,13,76,89,10,14,24,0,0,0
875,Adelaide United,,Australia,6,11,17,6,11,17,6,11,17,0,0.448366,0.448366
16296,Krymteplitsa Molodizhne,,Ukraine,7,8,15,11,11,22,7,8,15,0,0,0
109,SSV Jahn Regensburg,,Germany,11,16,27,13,20,33,11,16,27,0,0,0
15,Bayer 04 Leverkusen,,Germany,107,99,206,210,169,379,107,99,206,58.239914,52.229729,110.469643
142,Real Zaragoza,,Spain,87,101,188,136,160,296,87,101,188,24.597373,37.81668,62.414054
39097,Obolon-Brovar Kyiv,,Ukraine,5,3,8,7,3,10,5,3,8,0,0,0
3391,AO Kavala,,Greece,56,50,106,86,82,168,56,50,106,0.099816,0.046919,0.146735
10586,Aris Limassol,,Cyprus,14,7,21,16,8,24,14,7,21,0,0.022791,0.022791
6383,FK Neratovice-Byskovice,,Czech Republic,1,0,1,1,0,1,1,0,1,0,0,0
200,FC Utrecht,,Netherlands,84,102,186,154,171,325,84,102,186,4.550317,10.597007,15.147324
16,Borussia Dortmund,,Germany,93,84,177,154,133,287,93,84,177,76.144846,68.682092,144.826938
21725,Tyrnavos 2005,,Greece,4,3,7,4,3,7,4,3,7,0,0.005319,0.005319
455,Rapid Bucharest,,Romania,26,39,65,30,46,76,26,39,65,1.681777,4.760463,6.44224
4541,UC AlbinoLeffe,,Italy,14,18,32,28,32,60,14,18,32,0.149527,3.753175,3.902702
1270,Dunfermline Athletic FC,,Scotland,12,5,17,14,5,19,12,5,17,0.096109,0.130306,0.226415
10674,FK Kharkiv,,Ukraine,25,29,54,47,44,91,25,29,54,0.391473,0.677275,1.068747
6672,Salyut Belgorod,,Russia,12,7,19,17,14,31,12,7,19,0.028589,0.051282,0.079871
18477,Nistru Otaci,,Moldova,5,4,9,5,4,9,5,4,9,0,0,0
11115,FC Dosta Bystrc-Kninicky,,Czech Republic,4,2,6,8,4,12,4,2,6,0,0,0
6432,Volgar-Gazprom Astrakhan,,Russia,23,19,42,38,26,64,23,19,42,0,0,0
3544,FK Smederevo,,Serbia,6,10,16,7,10,17,6,10,16,0,0.093333,0.093333
6182,Valencia Mestalla,,Spain,6,11,17,7,16,23,6,11,17,0,1.518662,1.518662
1326,Chongqing Lifan,,China,8,6,14,9,6,15,8,6,14,1.081911,0,1.081911
12744,FC Valenciennes U19,,France,0,1,1,0,1,1,0,1,1,0,0.289705,0.289705
1032,Reading FC,,England,78,51,129,118,81,199,78,51,129,9.950971,11.855765,21.806736
677,Ipswich Town,,England,40,45,85,52,92,144,40,45,85,6.031574,13.075098,19.106672
456,HNK Vukovar 1991,,Croatia,8,6,14,17,26,43,8,6,14,0,0,0
307,Donawitzer SV Leoben,,Austria,8,11,19,12,31,43,8,11,19,0,0.22764,0.22764
8047,Suduva Marijampole,,Lithuania,7,8,15,9,8,17,7,8,15,0,0.283208,0.283208
12588,Gimnástica Torrelavega,,Spain,2,2,4,2,2,4,2,2,4,0,0,0
472,UD Las Palmas,,Spain,58,58,116,90,90,180,58,58,116,1.987372,4.654513,6.641885
6371,FUS Rabat,,Morocco,2,5,7,2,6,8,2,5,7,0,0.225277,0.225277
8910,Aliados FC Lordelo,,Portugal,2,2,4,7,3,10,2,2,4,0,0,0
1230,Al Arabi Sports Club,,Qatar,19,14,33,20,14,34,19,14,33,6.829824,1.685891,8.515716
25379,CD Laudio,,Spain,1,0,1,1,0,1,1,0,1,0,0,0
6407,Dinamo St. Petersburg,,Russia,15,9,24,17,10,27,15,9,24,0.041313,0,0.041313
12109,NK Lucko,,Croatia,21,29,50,42,83,125,21,29,50,0,0,0
94,FC Erzgebirge Aue,,Germany,16,16,32,21,18,39,16,16,32,0.124388,0.261174,0.385562
18,Borussia Mönchengladbach,,Germany,102,94,196,167,145,312,102,94,196,34.296856,25.788684,60.08554
1389,AGOVV Apeldoorn,,Netherlands,19,15,34,28,25,53,19,15,34,0,0.360115,0.360115
18801,Delta Telestar Libreville,,Gabon,1,0,1,1,0,1,1,0,1,0,0,0
738,AC Le Havre,,France,32,51,83,46,92,138,32,51,83,0.539042,8.081667,8.620709
2481,Sheriff Tiraspol,,Moldova,19,30,49,22,42,64,19,30,49,0.286967,1.79843,2.085397
10482,Kairat Almaty,,Kazakhstan,20,10,30,27,13,40,20,10,30,0.022642,0,0.022642
349,Barnsley FC,,England,28,34,62,36,70,106,28,34,62,0.775702,1.766334,2.542036
8,Alemannia Aachen,,Germany,26,30,56,37,38,75,26,30,56,0.467901,1.789218,2.257119
734,União São João Esporte Clube (SP),,Brazil,3,11,14,3,11,14,3,11,14,0,0.013229,0.013229
7378,Portimonense SC,,Portugal,48,49,97,78,108,186,48,49,97,0.224172,3.741254,3.965425
11215,FK Olimpik Sarajevo,,Bosnia-Herzegovina,5,9,14,6,9,15,5,9,14,0,0.035714,0.035714
273,Stade Rennais FC,,France,128,121,249,238,199,437,128,121,249,46.130032,50.98393,97.113963
5773,AS Cherbourg,,France,8,7,15,8,7,15,8,7,15,0,0,0
24279,KVV Coxyde,,Belgium,2,3,5,3,5,8,2,3,5,0,0,0
7788,Académico Viseu FC,,Portugal,15,10,25,28,19,47,15,10,25,0,0.065789,0.065789
1464,Borussia Dortmund U19,,Germany,0,8,8,0,8,8,0,8,8,0,0.19709,0.19709
2577,Hartlepool United,,England,4,10,14,5,26,31,4,10,14,0,0.141483,0.141483
29095,Extremadura UD,,Spain,2,6,8,2,6,8,2,6,8,0,0.237037,0.237037
2035,Avaí Futebol Clube (SC),,Brazil,7,18,25,8,20,28,7,18,25,0,1.169854,1.169854
648,CD Tenerife,,Spain,37,52,89,51,77,128,37,52,89,0.341896,4.85664,5.198535
874,Ipiranga Futebol Clube (MG),,Brazil,0,2,2,0,2,2,0,2,2,0,0,0
8101,NK Solin,,Croatia,8,13,21,26,39,65,8,13,21,0,0.006694,0.006694
6593,Universitario de Deportes,,Peru,7,8,15,7,9,16,7,8,15,0.034884,0.088137,0.123021
2079,PAE Veria,,Greece,95,90,185,149,139,288,95,90,185,0,0.020574,0.020574
704,Foggia Calcio,,Italy,20,22,42,24,47,71,20,22,42,0.035504,0.008626,0.04413
2330,Karsiyaka,,Turkey,25,30,55,53,67,120,25,30,55,0,0.494005,0.494005
21283,SCG Muangthong United,,Thailand,6,3,9,6,3,9,6,3,9,0,0.083821,0.083821
10492,Esporte Clube Juventude,,Brazil,13,26,39,13,33,46,13,26,39,0.205918,3.578566,3.784484
21216,PFK Sumy,,Ukraine,6,8,14,7,11,18,6,8,14,0,0,0
232,Spartak Moscow,,Russia,142,103,245,244,170,414,142,103,245,53.254962,27.774527,81.029489
3334,Marília Atlético Clube (SP),,Brazil,7,5,12,7,5,12,7,5,12,0,0,0
1269,PEC Zwolle,,Netherlands,57,78,135,97,133,230,57,78,135,0.360313,1.706491,2.066804
840,Enosis Neon Paralimni,,Cyprus,18,15,33,22,17,39,18,15,33,0.009607,0,0.009607
85,SV Waldhof Mannheim,,Germany,11,15,26,15,18,33,11,15,26,0.033333,0.245572,0.278905
8733,Celta Vigo B,,Spain,3,4,7,3,4,7,3,4,7,0,0,0
9250,Chelsea FC U23,,England,13,10,23,19,12,31,13,10,23,0,1.416061,1.416061
2250,AC Prato,,Italy,11,23,34,16,63,79,11,23,34,0.000012,0.105263,0.105275
14456,Al-Dhafra SCC,,United Arab Emirates,4,3,7,4,3,7,4,3,7,0,0,0
6764,PFC Beroe Stara Zagora,,Bulgaria,8,6,14,8,6,14,8,6,14,0,0.027827,0.027827
4321,Unión Española,,Chile,7,7,14,7,8,15,7,7,14,0,0.805764,0.805764
23611,Olimpik Donetsk,,Ukraine,46,58,104,81,77,158,46,58,104,0,0.028632,0.028632
4361,Varese FC,,Italy,15,23,38,24,51,75,15,23,38,0.003299,0.978725,0.982024
5113,NK Belisce,,Croatia,4,7,11,9,17,26,4,7,11,0,0,0
448,FK Vojvodina Novi Sad,,Serbia,17,44,61,18,54,72,17,44,61,0,5.575187,5.575187
127,SC Paderborn 07,,Germany,33,30,63,44,46,90,33,30,63,0.559875,0.692027,1.251902
8554,APOP Kinyras Peyias,,Cyprus,12,4,16,18,4,22,12,4,16,0.021277,0,0.021277
5589,Cuoiopelli Cappiano Romaiano,,Italy,2,3,5,2,3,5,2,3,5,0,0,0
533,TSG 1899 Hoffenheim,,Germany,115,77,192,176,114,290,115,77,192,27.791394,28.619312,56.410707
2734,FBC Melgar,,Peru,3,2,5,3,3,6,3,2,5,0,0.197368,0.197368
2049,KF Tirana,,Albania,11,15,26,12,17,29,11,15,26,0.025154,0.071637,0.096791
2125,Esporte Clube Vitória,,Brazil,16,26,42,19,34,53,16,26,42,0,3.31734,3.31734
12458,CD Morón,,Argentina,1,1,2,1,1,2,1,1,2,0,0,0
2619,Defensor Sporting Club,,Uruguay,14,25,39,14,28,42,14,25,39,0,7.960683,7.960683
1080,Stade Laval,,France,24,24,48,31,39,70,24,24,48,0,0.851432,0.851432
2760,Partick Thistle FC,,Scotland,4,4,8,5,4,9,4,4,8,0,0,0
8544,USM Blida,,Algeria,0,1,1,0,1,1,0,1,1,0,0,0
1031,Luton Town,,England,14,18,32,17,25,42,14,18,32,0.212304,1.184211,1.396515
6709,CF Atlante,,Mexico,3,3,6,4,3,7,3,3,6,0,0,0
826,RC Lens,,France,83,101,184,141,164,305,83,101,184,17.695058,37.153116,54.848174
3898,KFC Strombeek,,Belgium,60,52,112,85,96,181,60,52,112,0.390707,0.484091,0.874798
15100,Asociación Atlética Argentinos Juniors U20,,Argentina,0,2,2,0,2,2,0,2,2,0,0.185185,0.185185
2721,US Alessandria Calcio,,Italy,11,11,22,17,22,39,11,11,22,0.040054,0,0.040054
4550,Legnano AC,,Italy,3,8,11,3,11,14,3,8,11,0,0,0
2475,Union Perg,,Austria,1,1,2,1,2,3,1,1,2,0,0,0
413,LASK,,Austria,70,58,128,123,106,229,70,58,128,0.163724,0.521908,0.685633
34148,UCAM Murcia CF,,Spain,6,5,11,8,5,13,6,5,11,0,0,0
672,JEF United Chiba,,Japan,6,4,10,6,4,10,6,4,10,0.38377,0,0.38377
11402,NK Olimpija Osijek,,Croatia,4,2,6,8,11,19,4,2,6,0,0,0
1291,Siirt Jetpa Spor,,Turkey,21,22,43,26,31,57,21,22,43,0,0.532258,0.532258
30954,Polissya Zhytomyr,,Ukraine,2,1,3,3,2,5,2,1,3,0,0,0
4521,Besiktas JK U21,,Turkey,6,6,12,7,7,14,6,6,12,0,0,0
9114,SC Neusiedl/See,,Austria,1,4,5,1,4,5,1,4,5,0,0,0
2969,FCO Dijon,,France,56,49,105,75,71,146,56,49,105,2.869298,2.887265,5.756563
600,FK Drnovice,,Czech Republic,25,23,48,36,52,88,25,23,48,0,0.021739,0.021739
34153,Independente Futebol Clube (SP),,Brazil,2,0,2,2,0,2,2,0,2,0,0,0
502,Asante Kotoko SC,,Ghana,7,8,15,7,8,15,7,8,15,0,1.7226,1.7226
993,Córdoba CF,,Spain,48,48,96,69,63,132,48,48,96,0.065789,1.47194,1.53773
1531,Elche CF,,Spain,38,43,81,67,87,154,38,43,81,0.064356,2.711945,2.776302
2472,Union St. Florian,,Austria,1,2,3,2,4,6,1,2,3,0,0,0
44796,GNK Dinamo Zagreb II,,Croatia,5,7,12,9,12,21,5,7,12,0,0.055556,0.055556
21395,Tarxien Rainbows,,Malta,2,2,4,2,2,4,2,2,4,0,0,0
4064,Figueirense Futebol Clube,,Brazil,14,16,30,16,16,32,14,16,30,0,1.00698,1.00698
4057,Luch Vladivostok,,Russia,44,37,81,64,60,124,44,37,81,0.497937,1.091629,1.589566
3886,Belshina Bobruisk,,Belarus,8,6,14,9,8,17,8,6,14,0,0.025439,0.025439
19058,TJ Jiskra Domazlice,,Czech Republic,2,4,6,6,8,14,2,4,6,0,0,0
6621,FK Cukaricki,,Serbia,8,19,27,8,21,29,8,19,27,0,0.770296,0.770296
2573,FK Zeljeznicar Sarajevo,,Bosnia-Herzegovina,15,26,41,18,34,52,15,26,41,0,0.453465,0.453465
1876,Pierikos Katerini,,Greece,18,10,28,30,21,51,18,10,28,0,0.013158,0.013158
34096,NK Marsonia 1909,,Croatia,2,3,5,3,10,13,2,3,5,0,0,0
4084,AS Cittadella Padova,,Italy,15,19,34,22,47,69,15,19,34,0.107591,1.798428,1.906019
272,AIK,,Sweden,12,26,38,13,28,41,12,26,38,0.022222,2.961714,2.983936
968,KVC Westerlo,,Belgium,90,103,193,142,176,318,90,103,193,0.186312,1.676744,1.863057
7179,CD Tondela,,Portugal,54,63,117,64,92,156,54,63,117,0.004505,0.185185,0.18969
24296,Canon Yaoundé,,Cameroon,6,6,12,6,10,16,6,6,12,0,0,0
380,US Salernitana 1919,,Italy,27,42,69,41,113,154,27,42,69,0.198279,0.581773,0.780052
8305,AC Ajaccio B,,France,0,1,1,0,1,1,0,1,1,0,0,0
1784,Mogi Mirim Esporte Clube (SP),,Brazil,4,4,8,4,5,9,4,4,8,0.081395,0.092105,0.173501
3341,CD Olivais e Moscavide,,Portugal,6,7,13,10,18,28,6,7,13,0,0,0
11337,Foligno Calcio,,Italy,6,12,18,8,26,34,6,12,18,0.047619,0,0.047619
496,Malmö FF,,Sweden,16,36,52,19,44,63,16,36,52,0.231479,6.992093,7.223572
1061,Los Angeles Galaxy,,United States,23,6,29,28,6,34,23,6,29,2.606457,0.009009,2.615466
599,NK Varteks Varazdin,,Croatia,61,79,140,102,136,238,61,79,140,0.000816,1.325921,1.326737
48726,Rukh Vynnyky,,Ukraine,10,3,13,13,5,18,10,3,13,0,0,0
3385,Panserraikos Serres,,Greece,46,48,94,78,95,173,46,48,94,0.01632,0.300914,0.317234
324,Pogon Szczecin,,Poland,15,16,31,18,18,36,15,16,31,0.088889,1.063391,1.15228
27190,Shanghai SIPG,,China,4,3,7,4,3,7,4,3,7,11.939811,0.166615,12.106427
16242,Helios Kharkiv,,Ukraine,9,6,15,13,14,27,9,6,15,0,0,0
2984,AO Egaleo,,Greece,52,56,108,84,91,175,52,56,108,0.111556,0.85121,0.962766
33569,AO Pannaxiakos,,Greece,2,1,3,2,1,3,2,1,3,0,0,0
8565,HSC '21 Haaksbergen,,Netherlands,4,2,6,6,2,8,4,2,6,0,0,0
15952,Unión San Felipe,,Chile,1,3,4,1,5,6,1,3,4,0,0.42735,0.42735
1023,Sociedade Esportiva Palmeiras,,Brazil,26,38,64,31,54,85,26,38,64,4.322205,13.953449,18.275654
255,Legia Warszawa,,Poland,31,41,72,34,52,86,31,41,72,0.95871,6.886303,7.845013
3948,Royale Union Saint Gilloise,,Belgium,16,12,28,24,15,39,16,12,28,0.004505,0.031386,0.03589
5560,BSV Schwarz-Weiß Rehden,,Germany,2,1,3,2,1,3,2,1,3,0,0,0
2239,US Cremonese,,Italy,12,20,32,21,64,85,12,20,32,0.197731,0.108086,0.305817
653,OFI Crete,,Greece,111,118,229,212,208,420,111,118,229,0.118711,1.204361,1.323072
2759,Ross County FC,,Scotland,7,7,14,7,7,14,7,7,14,0,0.011985,0.011985
1028,Millwall FC,,England,25,26,51,28,49,77,25,26,51,0.451419,2.474288,2.925707
1176,Racing Ferrol,,Spain,14,15,29,15,16,31,14,15,29,0,0,0
28958,FC Lusitanos,,Andorra,2,0,2,2,0,2,2,0,2,0,0,0
1562,FC Nitra,,Slovakia,12,21,33,17,30,47,12,21,33,0,0.157808,0.157808
3021,Arbroath FC,,Scotland,1,0,1,1,0,1,1,0,1,0,0,0
12049,Lokomotiv Chita,,Russia,3,5,8,4,7,11,3,5,8,0.009196,0,0.009196
24773,Anagennisi Epanomis,,Greece,4,6,10,4,15,19,4,6,10,0,0,0
12462,KS Kastrioti Krujë,,Albania,3,2,5,3,2,5,3,2,5,0,0,0
4768,Changchun Yatai,,China,11,5,16,11,5,16,11,5,16,2.874152,0.032895,2.907046
177,Eintracht Frankfurt II,,Germany,1,3,4,1,3,4,1,3,4,0,0.011628,0.011628
1074,Tranmere Rovers,,England,8,16,24,9,34,43,8,16,24,0.045161,0.866198,0.911359
399,Leeds United,,England,60,68,128,84,141,225,60,68,128,18.807669,39.388275,58.195944
14157,SHB Da Nang,,Vietnam,1,1,2,1,1,2,1,1,2,0,0,0
1532,Albacete Balompié,,Spain,37,44,81,64,62,126,37,44,81,0.048707,2.065324,2.114031
8505,Fiorentina Primavera,,Italy,2,5,7,2,5,7,2,5,7,0.086048,0.011111,0.09716
10920,Umm Salal Sport Club,,Qatar,7,5,12,7,5,12,7,5,12,0.062106,0,0.062106
1148,Brentford FC,,England,22,22,44,27,45,72,22,22,44,1.38371,1.592818,2.976527
7198,Valenzana Mado SSD,,Italy,2,6,8,2,9,11,2,6,8,0,0,0
6689,CF Gandía,,Spain,0,4,4,0,4,4,0,4,4,0,0,0
8519,Sevilla FC B,,Spain,2,12,14,2,14,16,2,12,14,0,0.384964,0.384964
16780,Vostok Oskemen,,Kazakhstan,2,0,2,2,0,2,2,0,2,0,0,0
18333,Excelsior Rotterdam U21,,Netherlands,0,1,1,0,1,1,0,1,1,0,0,0
4463,SV Seekirchen,,Austria,1,2,3,1,2,3,1,2,3,0,0,0
218,San Jose Earthquakes,,United States,4,6,10,5,7,12,4,6,10,0.014028,0,0.014028
5868,FC Pedras Rubras,,Portugal,3,6,9,4,7,11,3,6,9,0,0,0
9840,Al-Shabab Riyadh,,Saudi Arabia,10,6,16,10,6,16,10,6,16,1.69865,0.008333,1.706983
56,Rot-Weiss Essen,,Germany,17,18,35,19,20,39,17,18,35,0.059501,0.071704,0.131205
35477,AO Triglia Rafinas,,Greece,1,3,4,2,5,7,1,3,4,0,0,0
2745,Polonia Warsaw,,Poland,12,19,31,12,21,33,12,19,31,0.059524,2.025017,2.084541
4441,Wolfsberger AC,,Austria,44,45,89,68,61,129,44,45,89,0.020435,0.102846,0.123281
3566,NK Smartno 1928,,Slovenia,1,2,3,1,2,3,1,2,3,0,0,0
9006,AD Oeiras,,Portugal,1,3,4,1,3,4,1,3,4,0,0,0
51931,Hapoel Hadera,,Israel,1,0,1,1,0,1,1,0,1,0,0,0
10957,Petrojet,,Egypt,0,3,3,0,3,3,0,3,3,0,0.028135,0.028135
43,Heart of Midlothian FC,,Scotland,25,25,50,28,29,57,25,25,50,0.991918,4.075338,5.067255
6365,Lokomotivi Tbilisi,,Georgia,7,10,17,7,10,17,7,10,17,0,0.110133,0.110133
4771,GC Biaschesi,,Switzerland,1,2,3,3,3,6,1,2,3,0,0,0
238,Lech Poznan,,Poland,19,24,43,19,30,49,19,24,43,0.607248,4.29643,4.903678
924,Istanbulspor,,Turkey,56,52,108,93,96,189,56,52,108,0.202417,1.024659,1.227076
1267,Manisaspor,,Turkey,77,70,147,145,143,288,77,70,147,3.132896,4.710333,7.843229
8104,Gaz Metan Medias,,Romania,9,7,16,11,7,18,9,7,16,0,0.008333,0.008333
20624,SC Aspang,,Austria,0,1,1,0,1,1,0,1,1,0,0,0
2796,Woking FC,,England,2,7,9,2,9,11,2,7,9,0,0,0
21957,Platanias Chania,,Greece,76,68,144,102,114,216,76,68,144,0.015749,0.101096,0.116845
31620,Atromitos Piraeus,,Greece,2,1,3,2,2,4,2,1,3,0,0,0
15541,Al-Ahli Dubai Club,,United Arab Emirates,12,6,18,14,6,20,12,6,18,7.002455,0.714286,7.716741
936,Casino Schwarz-Weiss Bregenz,,Austria,51,48,99,61,68,129,51,48,99,0.067625,0.14167,0.209295
2693,Lokomotiv Nizhniy Novgorod,,Russia,8,8,16,13,9,22,8,8,16,0,0.025,0.025
64,SV 07 Elversberg,,Germany,7,4,11,7,4,11,7,4,11,0,0,0
5107,NK Zagreb,,Croatia,55,80,135,104,147,251,55,80,135,0.078882,3.189136,3.268018
17776,Associação Chapecoense de Futebol,,Brazil,4,7,11,4,7,11,4,7,11,0,0.178038,0.178038
1043,FC Skonto Riga,,Latvia,9,18,27,12,22,34,9,18,27,0.03345,1.22143,1.25488
221,Santos FC,,Brazil,29,50,79,32,74,106,29,50,79,3.041867,40.604136,43.646003
103,1.FC Schweinfurt 05,,Germany,5,3,8,6,3,9,5,3,8,0,0,0
2832,Gaziantep Büyüksehir Belediyespor,,Turkey,32,20,52,62,63,125,32,20,52,0.042345,0.034186,0.076532
50747,PFC Cesky Dub,,Czech Republic,2,1,3,2,1,3,2,1,3,0,0,0
24575,HNK Gorica,,Croatia,24,24,48,43,49,92,24,24,48,0.004808,0.19968,0.204488
3714,Metallurg Krasnoyarsk,,Russia,22,28,50,41,37,78,22,28,50,0,0.192855,0.192855
2531,Botev Plovdiv,,Bulgaria,13,7,20,13,8,21,13,7,20,0.011111,0.291869,0.30298
2331,US Avellino,,Italy,22,27,49,30,90,120,22,27,49,0.121228,0.901124,1.022352
11609,SK Austria Kärnten,,Austria,31,28,59,62,40,102,31,28,59,0.002244,0.081395,0.083639
12302,Naftovyk-Ukrnafta Okhtyrka,,Ukraine,17,15,32,25,40,65,17,15,32,0.001385,0,0.001385
4153,L'Aquila Calcio,,Italy,3,10,13,4,25,29,3,10,13,0.018356,0,0.018356
3600,FCN Sint-Niklaas,,Belgium,12,8,20,22,9,31,12,8,20,0,0,0
1274,Stabæk Fotball,,Norway,10,20,30,10,22,32,10,20,30,0.026596,2.734951,2.761547
26973,AO Glyfada,,Greece,5,7,12,7,13,20,5,7,12,0,0,0
322,Yverdon-Sport FC,,Switzerland,6,3,9,7,3,10,6,3,9,0,0.053191,0.053191
9083,Panegialios GS,,Greece,17,12,29,22,21,43,17,12,29,0,0,0
10534,Nueva Chicago,,Argentina,4,8,12,4,8,12,4,8,12,0,0,0
9554,NK Orijent Rijeka,,Croatia,1,2,3,5,16,21,1,2,3,0,0,0
45080,Delhi Dynamos FC,,India,4,5,9,4,5,9,4,5,9,0,0,0
3008,Hull City,,England,89,67,156,142,110,252,89,67,156,21.076442,13.88949,34.965932
3751,RFC Tournai,,Belgium,8,2,10,14,2,16,8,2,10,0,0,0
1219,Chesterfield FC,,England,13,17,30,17,27,44,13,17,30,0,0.32089,0.32089
9644,Rakow Czestochowa,,Poland,3,0,3,3,0,3,3,0,3,0,0,0
163,FC Vaduz,,Switzerland,15,8,23,16,8,24,15,8,23,0.005798,0.006579,0.012377
9528,AC Montichiari,,Italy,3,5,8,3,6,9,3,5,8,0,0,0
5724,Randers FC,,Denmark,7,12,19,7,13,20,7,12,19,0,0.778132,0.778132
60858,Fútbol Consultants Desamparados,,Costa Rica,1,0,1,1,0,1,1,0,1,0,0,0
18382,FK Sloga Kraljevo,,Serbia,2,0,2,2,0,2,2,0,2,0,0,0
972,Yeovil Town,,England,11,22,33,15,47,62,11,22,33,0,0,0
9251,Manchester United U23,,England,4,14,18,7,14,21,4,14,18,0,0.455191,0.455191
29803,Evros Soufliou,,Greece,1,3,4,3,3,6,1,3,4,0,0,0
4053,Ciudad Murcia,,Spain,13,14,27,24,15,39,13,14,27,0,1,1
6144,GD Ribeirão,,Portugal,6,10,16,8,33,41,6,10,16,0,0.04283,0.04283
606,Club Polideportivo Ejido,,Spain,17,17,34,28,25,53,17,17,34,0.039474,0.473223,0.512696
19605,Spartak Sumy,,Ukraine,5,3,8,6,3,9,5,3,8,0,0,0
16696,Gyeongnam FC,,"Korea, South",3,0,3,3,0,3,3,0,3,0,0,0
20699,Bursa Nilüferspor,,Turkey,5,6,11,5,6,11,5,6,11,0,0,0
14928,Bozüyükspor,,Turkey,3,7,10,3,11,14,3,7,10,0,0,0
4103,AC Lumezzane,,Italy,14,20,34,19,69,88,14,20,34,0.076782,0,0.076782
4,1.FC Nuremberg,,Germany,99,98,197,145,167,312,99,98,197,6.565203,14.901804,21.467008
20698,Balikesirspor,,Turkey,26,31,57,39,41,80,26,31,57,0.120648,0.082391,0.203039
1175,LB Châteauroux,,France,28,39,67,47,74,121,28,39,67,0.178571,1.738761,1.917332
13299,FC Graffin Vlasim,,Czech Republic,18,19,37,36,78,114,18,19,37,0,0.004288,0.004288
7567,FK Radnicki Nis,,Serbia,6,6,12,6,6,12,6,6,12,0,0.040741,0.040741
1088,Rochdale AFC,,England,6,16,22,6,34,40,6,16,22,0,0.051282,0.051282
16197,NK Svoboda Ljubljana,,Slovenia,1,0,1,1,0,1,1,0,1,0,0,0
2047,AC Bellinzona,,Switzerland,10,10,20,12,18,30,10,10,20,0.069767,0.181383,0.25115
16775,UD Alzira,,Spain,0,2,2,0,2,2,0,2,2,0,0,0
13328,PFC Simurq,,Azerbaijan,12,3,15,17,4,21,12,3,15,0,0,0
24566,Guangdong Sunray Cave,,China,2,1,3,2,1,3,2,1,3,0.014202,0,0.014202
18916,Guangzhou R&F,,China,13,4,17,13,4,17,13,4,17,1.837827,0,1.837827
6907,Lobi Stars,,Nigeria,0,4,4,0,4,4,0,4,4,0,0.046708,0.046708
195,Rosenborg BK,,Norway,13,36,49,13,40,53,13,36,49,1.270348,8.629613,9.899961
21173,NK Dinara Knin,,Croatia,4,2,6,5,8,13,4,2,6,0,0,0
4271,US Triestina,,Italy,23,23,46,36,64,100,23,23,46,0.011628,0.434765,0.446393
4337,ASD Acireale Calcio,,Italy,6,2,8,6,2,8,6,2,8,0.000132,0,0.000132
3172,CS Visé,,Belgium,21,6,27,29,9,38,21,6,27,0,0,0
13578,FC 105 Libreville,,Gabon,1,1,2,1,2,3,1,1,2,0,0,0
10721,Al Merreikh Omdurman,,Sudan,1,0,1,1,0,1,1,0,1,0,0,0
6320,Thermaikos Thermis,,Greece,6,4,10,10,7,17,6,4,10,0,0,0
1106,Club de Gimnasia y Esgrima La Plata,,Argentina,9,22,31,10,23,33,9,22,31,0,2.511042,2.511042
21716,Rapid Ghidighici,,Moldova,0,1,1,0,1,1,0,1,1,0,0,0
2968,FC Libourne-Saint-Seurin,,France,7,10,17,7,17,24,7,10,17,0,0.550748,0.550748
190,FC Copenhagen,,Denmark,42,46,88,50,55,105,42,46,88,5.115768,15.012438,20.128206
12630,NK Sloboda Varazdin,,Croatia,1,2,3,4,11,15,1,2,3,0,0,0
50545,Viareggio 2014,,Italy,2,1,3,2,1,3,2,1,3,0,0,0
2687,Cádiz CF,,Spain,33,29,62,42,55,97,33,29,62,0.656971,0.800731,1.457702
3345,Leixões SC,,Portugal,50,56,106,71,100,171,50,56,106,0.028575,0.748201,0.776776
8717,KSC Grimbergen,,Belgium,0,1,1,0,2,2,0,1,1,0,0,0
26571,US Sarre-Union,,France,1,0,1,1,0,1,1,0,1,0,0,0
11282,Alanyaspor,,Turkey,55,42,97,72,57,129,55,42,97,0.569326,0.467467,1.036794
22556,Calcio Montebelluna 1909,,Italy,1,1,2,1,1,2,1,1,2,0,0,0
22220,FC Astana,,Kazakhstan,19,17,36,22,18,40,19,17,36,0.305003,0.230734,0.535737
1132,Burnley FC,,England,70,54,124,108,86,194,70,54,124,13.301465,10.513102,23.814566
585,São Paulo Futebol Clube,,Brazil,29,58,87,35,93,128,29,58,87,5.350123,46.40367,51.753793
20735,New South Wales Institute of Sport,,Australia,0,1,1,0,2,2,0,1,1,0,0,0
26008,IFC Ambacht,,Netherlands,1,0,1,1,0,1,1,0,1,0,0,0
4690,Fortuna Düsseldorf II,,Germany,1,1,2,1,1,2,1,1,2,0,0.01553,0.01553
1064,Maccabi Haifa,,Israel,28,33,61,29,39,68,28,33,61,0.547226,2.506114,3.053339
11368,AZ Alkmaar U21,,Netherlands,5,7,12,5,9,14,5,7,12,0,0,0
36590,ACS Poli Timisoara,,Romania,3,3,6,3,4,7,3,3,6,0,0,0
6711,Deportivo Guadalajara,,Mexico,4,7,11,5,10,15,4,7,11,0.851606,5.406101,6.257707
1435,Go Ahead Eagles Deventer,,Netherlands,38,53,91,81,91,172,38,53,91,0,0.443921,0.443921
18026,FC Twente Enschede U21,,Netherlands,3,5,8,6,16,22,3,5,8,0,0.066545,0.066545
1766,Erzurumspor,,Turkey,17,26,43,20,42,62,17,26,43,0.018129,0.058065,0.076193
2967,Besançon Racing Club,,France,5,5,10,7,6,13,5,5,10,0,0,0
2686,HFC Humenne,,Slovakia,3,2,5,3,2,5,3,2,5,0,0,0
1114,Al-Hilal Riyadh,,Saudi Arabia,24,10,34,24,10,34,24,10,34,6.361475,1.635287,7.996762
21613,Doxa Kranoulas,,Greece,3,1,4,3,3,6,3,1,4,0,0,0
1306,Danubio FC,,Uruguay,14,24,38,14,30,44,14,24,38,0,6.905536,6.905536
9681,Verbroedering Geel-Meerhout,,Belgium,5,8,13,10,10,20,5,8,13,0,0,0
687,Molde FK,,Norway,7,19,26,7,28,35,7,19,26,0.19802,3.329563,3.527583
9735,Chicago Magic,,United States,0,1,1,0,1,1,0,1,1,0,0,0
26370,Pro Vercelli Berretti,,Italy,1,2,3,1,2,3,1,2,3,0,0,0
1518,Türk Telekomspor,,Turkey,9,8,17,12,17,29,9,8,17,0,0.063774,0.063774
9465,Petrolul Ploiesti,,Romania,11,12,23,12,12,24,11,12,23,0,0.242748,0.242748
1081,CS Sedan-Ardennes,,France,45,60,105,66,94,160,45,60,105,0.298005,6.145796,6.443801
37276,PGS Kissamikos,,Greece,12,10,22,19,25,44,12,10,22,0,0,0
45278,Atlético de Kolkata,,India,6,4,10,7,4,11,6,4,10,0,0,0
12392,Marmaris Genclik Spor,,Turkey,5,4,9,5,8,13,5,4,9,0,0,0
4176,Volta Redonda Futebol Clube (RJ),,Brazil,5,3,8,5,3,8,5,3,8,0,0.012903,0.012903
7211,SC Vianense,,Portugal,3,1,4,4,1,5,3,1,4,0,0,0
9526,Turan Tovuz,,Azerbaijan,1,1,2,1,1,2,1,1,2,0,0,0
3785,Maccabi Petah Tikva,,Israel,16,14,30,16,14,30,16,14,30,0,0.883041,0.883041
6249,Dynamo 2 Kyiv,,Ukraine,18,17,35,50,32,82,18,17,35,0,0.091164,0.091164
1143,CD El Nacional,,Ecuador,2,5,7,2,5,7,2,5,7,0,1.34437,1.34437
10632,CA Rentistas,,Uruguay,6,3,9,6,3,9,6,3,9,0,1.940607,1.940607
3985,AO Acharnaikos,,Greece,10,11,21,12,17,29,10,11,21,0,0,0
309,Paraná Clube,,Brazil,11,16,27,11,19,30,11,16,27,0,1.153408,1.153408
2758,MSV Duisburg U19,,Germany,0,1,1,0,1,1,0,1,1,0,0,0
90,SV Babelsberg 03,,Germany,5,6,11,5,7,12,5,6,11,0,0.032258,0.032258
7046,Estrela Vendas Novas,,Portugal,2,2,4,2,3,5,2,2,4,0,0,0
1204,Kartalspor,,Turkey,10,21,31,12,35,47,10,21,31,0,0.018701,0.018701
12374,Altinordu,,Turkey,12,12,24,15,19,34,12,12,24,0,1.275732,1.275732
4553,US Pergolettese 1932,,Italy,4,15,19,4,34,38,4,15,19,0,0,0
67496,FK Brodarac Belgrad U19,,Serbia,0,1,1,0,1,1,0,1,1,0,0,0
5310,Villemomble Sports,,France,2,2,4,2,3,5,2,2,4,0,0,0
11688,Giresunspor,,Turkey,27,23,50,56,46,102,27,23,50,0.015957,0.078435,0.094392
1070,Club Atlético Colón,,Argentina,11,22,33,13,24,37,11,22,33,0,1.422596,1.422596
3999,PAS Lamia 1964,,Greece,40,40,80,65,55,120,40,40,80,0,0,0
1068,SV Straelen,,Germany,2,0,2,2,0,2,2,0,2,0,0,0
2737,Saturn Ramenskoe,,Russia,74,64,138,124,110,234,74,64,138,9.211302,3.392972,12.604273
31403,MK Etanchéité,,DR Congo,1,0,1,1,0,1,1,0,1,0,0,0
1110,Huddersfield Town,,England,33,36,69,42,52,94,33,36,69,6.524742,2.388203,8.912945
3197,Goiás Esporte Clube,,Brazil,13,16,29,13,20,33,13,16,29,0.052632,3.171034,3.223666
4440,SK Schärding,,Austria,1,0,1,1,0,1,1,0,1,0,0,0
1167,Shkendija Tetovo,,North Macedonia,4,5,9,4,5,9,4,5,9,0,0.138801,0.138801
31625,ASPIRE Senegal,,Senegal,0,2,2,0,5,5,0,2,2,0,0,0
12853,FC Villarreal C,,Spain,1,2,3,1,2,3,1,2,3,0,0,0
1434,Stormvogels Telstar,,Netherlands,15,21,36,24,40,64,15,21,36,0,0.024575,0.024575
10348,Gallipoli Football 1909,,Italy,2,9,11,2,19,21,2,9,11,0,0,0
11057,Hoogstraten VV,,Belgium,5,2,7,5,4,9,5,2,7,0,0,0
504,Grasshopper Club Zurich,,Switzerland,21,50,71,23,66,89,21,50,71,0.177303,7.857118,8.034421
23,Eintracht Braunschweig,,Germany,23,22,45,27,30,57,23,22,45,0.355804,0.994449,1.350253
2350,Millonarios FC,,Colombia,6,5,11,6,6,12,6,5,11,0,0.237971,0.237971
713,BATE Borisov,,Belarus,21,29,50,23,39,62,21,29,50,0.254892,3.723697,3.978589
27221,Al-Fateh,,Saudi Arabia,4,1,5,4,1,5,4,1,5,0,0,0
20664,Menemen Belediyespor,,Turkey,6,7,13,6,9,15,6,7,13,0,0.010006,0.010006
134,Xerez CD,,Spain,17,31,48,24,41,65,17,31,48,0,0.170547,0.170547
12770,SM Caen B,,France,0,1,1,0,1,1,0,1,1,0,0,0
12064,Sportacademclub Moskau,,Russia,2,4,6,2,5,7,2,4,6,0,0,0
10959,Udinese Primavera,,Italy,2,5,7,2,5,7,2,5,7,0.12237,0,0.12237
1444,Racing Club,,Argentina,17,33,50,21,45,66,17,33,50,1.101624,12.750147,13.85177
619,CS Louhans-Cuiseaux 71,,France,1,10,11,1,16,17,1,10,11,0,0.25974,0.25974
19164,AS Real Paganese,,Italy,6,19,25,8,50,58,6,19,25,0,0,0
8042,FC Inter Turku,,Finland,2,4,6,2,4,6,2,4,6,0,0,0
21586,Anagennisi Giannitson,,Greece,5,7,12,5,15,20,5,7,12,0,0,0
6105,FC Ashdod,,Israel,13,7,20,15,13,28,13,7,20,0.101553,0.693984,0.795537
12381,1461 Trabzon,,Turkey,6,5,11,10,77,87,6,5,11,0,0,0
810,Hapoel Haifa,,Israel,10,6,16,10,6,16,10,6,16,0,0.008354,0.008354
1402,Olympiakos Nicosia,,Cyprus,17,10,27,19,11,30,17,10,27,0,0.038961,0.038961
501,FK Bodø/Glimt,,Norway,5,9,14,5,11,16,5,9,14,0,0.390541,0.390541
751,WIT Georgia Tbilisi,,Georgia,3,4,7,3,4,7,3,4,7,0,0.034188,0.034188
3234,Tombense Futebol Clube (MG),,Brazil,20,9,29,23,11,34,20,9,29,0.062775,1.424769,1.487543
22203,AC Giacomense,,Italy,3,7,10,3,12,15,3,7,10,0,0,0
1100,SK Brann,,Norway,12,15,27,12,16,28,12,15,27,0.511828,2.118843,2.630671
37463,AC Delta Porto Tolle,,Italy,3,5,8,3,5,8,3,5,8,0,0,0
10949,Sporting CP B,,Portugal,14,12,26,29,16,45,14,12,26,0.257813,0.078947,0.33676
260,FC Zürich,,Switzerland,13,36,49,13,43,56,13,36,49,0.369541,8.46862,8.838161
33179,Slavutych Cherkasy,,Ukraine,4,2,6,4,2,6,4,2,6,0,0.001884,0.001884
1228,TOP Oss,,Netherlands,19,16,35,41,34,75,19,16,35,0,0.03465,0.03465
26258,SK Viktorie Jirny,,Czech Republic,3,3,6,3,3,6,3,3,6,0,0,0
3202,Bakirköyspor,,Turkey,1,5,6,2,7,9,1,5,6,0,0,0
510,FC Chiasso,,Switzerland,9,11,20,11,18,29,9,11,20,0.044444,0.074257,0.118702
33439,AS Rouvas,,Greece,3,3,6,4,6,10,3,3,6,0,0,0
12004,UN Käerjéng 97,,Luxembourg,1,0,1,1,0,1,1,0,1,0,0,0
1022,Cerezo Osaka,,Japan,7,11,18,8,12,20,7,11,18,0.48538,0.527399,1.012779
5539,AO Chalkis,,Greece,5,2,7,5,3,8,5,2,7,0,0,0
1755,Guarani Futebol Clube (SP),,Brazil,8,16,24,9,17,26,8,16,24,0,0.488663,0.488663
11956,NK Velebit Benkovac,,Croatia,2,3,5,5,8,13,2,3,5,0,0,0
8715,Pandurii Targu Jiu,,Romania,7,17,24,10,17,27,7,17,24,0.173592,0.84655,1.020142
3229,Al Rayyan Sports Club,,Qatar,20,11,31,23,12,35,20,11,31,3.964452,0.054348,4.018799
56265,A.C. Calvina Sport,,Italy,1,0,1,1,0,1,1,0,1,0,0,0
257,FC St. Gallen 1879,,Switzerland,17,30,47,17,33,50,17,30,47,0.120752,1.561975,1.682727
21615,KVV Quick '20,,Netherlands,4,2,6,4,4,8,4,2,6,0,0,0
155,FC Kärnten,,Austria,34,28,62,47,44,91,34,28,62,0.385685,0.51868,0.904365
9262,Fulham FC U23,,England,3,5,8,3,5,8,3,5,8,0,0.025641,0.025641
3899,Anorthosis Famagusta,,Cyprus,43,34,77,53,49,102,43,34,77,0.184578,0.559678,0.744256
7972,Lorca Deportiva CF,,Spain,7,4,11,7,5,12,7,4,11,0,0.014194,0.014194
59,SC Campomaiorense,,Portugal,9,14,23,10,19,29,9,14,23,0,0,0
2455,Bristol Rovers,,England,9,12,21,9,19,28,9,12,21,0,0,0
3165,AS Douanes (Dakar),,Senegal,0,5,5,0,6,6,0,5,5,0,0.019594,0.019594
5377,Tempo Overijse,,Belgium,3,1,4,3,1,4,3,1,4,0,0,0
5223,Maccabi Netanya,,Israel,11,10,21,11,10,21,11,10,21,0.017544,0.377269,0.394813
210,Grêmio Foot-Ball Porto Alegrense,,Brazil,19,56,75,24,79,103,19,56,75,3.770224,23.464844,27.235069
14906,Triestina Juniores,,Italy,0,1,1,0,1,1,0,1,1,0,0,0
3718,Pakhtakor Tashkent,,Uzbekistan,6,9,15,7,14,21,6,9,15,0,0.40518,0.40518
1837,Panachaiki Patras,,Greece,50,39,89,81,62,143,50,39,89,0.086957,0.064616,0.151573
7077,FC Cartagena,,Spain,25,21,46,36,25,61,25,21,46,0,0.221922,0.221922
4159,Carrarese Calcio 1908,,Italy,12,18,30,12,43,55,12,18,30,0.000119,0.019737,0.019856
26871,US Avranches,,France,5,6,11,5,9,14,5,6,11,0,0,0
679,Atlético Paranaense,,Brazil,27,33,60,33,38,71,27,33,60,0.934744,16.831681,17.766425
35492,AE Mesolongiou,,Greece,2,2,4,2,2,4,2,2,4,0,0,0
1105,Ravenna FC,,Italy,10,19,29,11,31,42,10,19,29,0.000085,0.709914,0.71
19294,Kaysar Kyzylorda,,Kazakhstan,5,2,7,5,2,7,5,2,7,0,0,0
57,Rot-Weiß Oberhausen,,Germany,15,15,30,19,15,34,15,15,30,0.122043,0.018356,0.140399
2999,Hamilton Academical FC,,Scotland,6,10,16,6,13,19,6,10,16,0.025009,0.858119,0.883128
21903,Bukovyna Chernivtsi,,Ukraine,6,10,16,8,13,21,6,10,16,0,0,0
110,SV Wacker Burghausen,,Germany,9,12,21,10,13,23,9,12,21,0.002047,0.145789,0.147836
3131,SK Kampenhout,,Belgium,1,1,2,2,1,3,1,1,2,0,0,0
596,Gamba Osaka,,Japan,6,8,14,6,8,14,6,8,14,0,0.346835,0.346835
710,NK Celje,,Slovenia,11,17,28,13,23,36,11,17,28,0.080637,0.427177,0.507814
12515,Karpaty Lviv II,,Ukraine,2,4,6,2,6,8,2,4,6,0,0,0
10874,Stade Bordelais,,France,1,0,1,1,0,1,1,0,1,0,0,0
3352,Louletano DC,,Portugal,4,5,9,5,10,15,4,5,9,0,0.039474,0.039474
11255,PFC Vihren Sandanski,,Bulgaria,4,3,7,4,3,7,4,3,7,0,0,0
2775,Dyskobolia Grodzisk Wielkopolski,,Poland,8,5,13,8,5,13,8,5,13,0,0.954978,0.954978
15020,Antalyaspor U21,,Turkey,1,1,2,1,1,2,1,1,2,0,0,0
173,Odense Boldklub,,Denmark,15,18,33,16,22,38,15,18,33,0.205862,2.001124,2.206986
12804,Crewe Alexandra U18,,England,0,1,1,0,2,2,0,1,1,0,0,0
7804,Fenerbahce SK U21,,Turkey,4,4,8,6,5,11,4,4,8,0,0.045045,0.045045
6028,Ironi Kiryat Shmona,,Israel,9,5,14,10,6,16,9,5,14,0.039474,0,0.039474
11855,Club Guaraní,,Paraguay,3,2,5,3,2,5,3,2,5,0,0.413267,0.413267
1307,US Pistoiese 1921,,Italy,14,22,36,18,60,78,14,22,36,0,0.026316,0.026316
21218,Dynamo Kyiv II,,Ukraine,18,11,29,38,15,53,18,11,29,0,0,0
27603,Kirklarelispor,,Turkey,6,4,10,8,5,13,6,4,10,0,0,0
3650,FF Jaro,,Finland,2,5,7,2,6,8,2,5,7,0,0.157895,0.157895
13226,Caudal Deportivo,,Spain,1,1,2,1,1,2,1,1,2,0,0,0
16245,FK Sevastopol,,Ukraine,25,26,51,38,40,78,25,26,51,0.05668,0,0.05668
36100,Western Sydney Wanderers,,Australia,10,7,17,10,7,17,10,7,17,0,0,0
2413,Bury FC,,England,7,16,23,8,24,32,7,16,23,0.019006,0,0.019006
5220,GS Ergotelis,,Greece,95,88,183,127,138,265,95,88,183,0.351237,0.46469,0.815927
15268,SC São João Ver,,Portugal,2,3,5,2,4,6,2,3,5,0,0,0
13718,LeRK Prostejov,,Czech Republic,7,6,13,9,17,26,7,6,13,0,0,0
466,Preston North End,,England,21,30,51,24,56,80,21,30,51,1.746886,5.559188,7.306074
11085,Real SC,,Portugal,5,11,16,5,34,39,5,11,16,0,0.31339,0.31339
698,Bristol City,,England,24,31,55,30,48,78,24,31,55,2.285482,2.295504,4.580986
44005,Adapazarispor,,Turkey,1,0,1,1,0,1,1,0,1,0,0,0
5432,Al-Nasr (Dubai),,United Arab Emirates,14,9,23,14,9,23,14,9,23,2.242423,0,2.242423
3688,Accrington Stanley,,England,5,18,23,9,32,41,5,18,23,0,0,0
8287,AC Belluno 1905,,Italy,1,4,5,1,5,6,1,4,5,0,0,0
2403,Montevideo Wanderers,,Uruguay,5,5,10,5,6,11,5,5,10,0,1.719706,1.719706
17133,Octane Perm,,Russia,0,1,1,0,1,1,0,1,1,0,0,0
11997,Roma Primavera,,Italy,2,5,7,2,5,7,2,5,7,0,0.165051,0.165051
216,Inter Bratislava,,Slovakia,6,17,23,6,22,28,6,17,23,0,1.053184,1.053184
50,LR Ahlen,,Germany,15,14,29,20,18,38,15,14,29,0.029337,0.220337,0.249674
253,Torpedo Kutaisi,,Georgia,6,12,18,7,13,20,6,12,18,0,0.230301,0.230301
1252,York City,,England,7,12,19,8,15,23,7,12,19,0,0.029089,0.029089
8031,Neftchi Baku,,Azerbaijan,17,13,30,21,16,37,17,13,30,0.105787,0,0.105787
3085,KM Torhout,,Belgium,3,3,6,4,5,9,3,3,6,0,0,0
11103,NK Maksimir,,Croatia,5,6,11,8,16,24,5,6,11,0,0,0
23079,SK Tyniste nad Orlici,,Czech Republic,0,1,1,0,2,2,0,1,1,0,0,0
158,VfR Wormatia Worms,,Germany,2,0,2,2,0,2,2,0,2,0,0,0
6200,FC Twente Enschede U19,,Netherlands,1,4,5,1,11,12,1,4,5,0,0,0
21941,AS Fokikos Amfissas,,Greece,8,13,21,9,22,31,8,13,21,0,0.010141,0.010141
4326,AS Gubbio 1910,,Italy,9,22,31,13,77,90,9,22,31,0.000053,0.017215,0.017268
747,FC Baden,,Switzerland,1,2,3,1,2,3,1,2,3,0,0,0
10139,NK Koprivnica,,Croatia,4,4,8,13,51,64,4,4,8,0,0,0
621,Athletic Bilbao,,Spain,54,56,110,107,94,201,54,56,110,15.85713,27.667762,43.524891
1823,NK Trogir,,Croatia,5,4,9,10,7,17,5,4,9,0,0,0
1508,Yeni Turgutluspor,,Turkey,11,10,21,11,13,24,11,10,21,0,0,0
3915,AS Angoulême Charente 92,,France,3,2,5,3,2,5,3,2,5,0,0,0
24078,PFC Montana,,Bulgaria,2,2,4,2,2,4,2,2,4,0,0,0
5543,Chieti Calcio,,Italy,6,13,19,6,23,29,6,13,19,0,0.071429,0.071429
11483,FC Vado Ligure,,Italy,2,2,4,2,2,4,2,2,4,0,0,0
5380,Inter Milan Primavera,,Italy,5,13,18,6,14,20,5,13,18,0,1.547067,1.547067
2581,AC Mantova 1911,,Italy,14,18,32,24,34,58,14,18,32,0.342169,0,0.342169
32650,AAD Vitória das Tabocas (PE),,Brazil,0,2,2,0,2,2,0,2,2,0,0,0
9353,Cisco Roma,,Italy,8,8,16,8,10,18,8,8,16,0.017094,0.142857,0.159951
10693,FK Baku,,Azerbaijan,19,7,26,20,7,27,19,7,26,0,0,0
3393,Doxa Katokopias,,Cyprus,14,11,25,16,12,28,14,11,25,0,0,0
6321,Vancouver Whitecaps FC,,United States,8,6,14,8,6,14,8,6,14,0.064283,0.740741,0.805024
10627,FK Orel,,Russia,8,5,13,11,6,17,8,5,13,0,0,0
12054,FK Tyumen,,Russia,8,12,20,15,20,35,8,12,20,0,0.010396,0.010396
1146,Club Necaxa,,Mexico,5,3,8,5,3,8,5,3,8,0.175439,1.858372,2.033811
3207,Boluspor,,Turkey,26,23,49,57,46,103,26,23,49,0,0.091052,0.091052
5743,Etimesgut Sekerspor,,Turkey,13,13,26,18,24,42,13,13,26,0,0,0
18796,Caxias Futebol Clube (SC),,Brazil,0,2,2,0,2,2,0,2,2,0,0,0
9690,Bassano Virtus 55 ST,,Italy,6,10,16,11,15,26,6,10,16,0,0,0
7001,SK Rapid Wien II,,Austria,2,9,11,3,11,14,2,9,11,0,0.009901,0.009901
22140,KF Laçi,,Albania,1,3,4,1,3,4,1,3,4,0,0.025926,0.025926
1037,Club Universidad de Chile,,Chile,12,19,31,13,23,36,12,19,31,0,10.225455,10.225455
21940,FC L'Eskala,,Spain,0,1,1,0,4,4,0,1,1,0,0,0
10140,SC Covilhã,,Portugal,14,20,34,25,65,90,14,20,34,0,0,0
3330,Joinville EC (SC),,Brazil,2,8,10,2,10,12,2,8,10,0,0.039474,0.039474
2618,Olympique Alès,,France,4,1,5,4,1,5,4,1,5,0,0,0
4330,US Sambenedettese,,Italy,9,11,20,15,21,36,9,11,20,0.003704,0.068373,0.072076
5648,Gimnàstic de Tarragona,,Spain,33,44,77,47,59,106,33,44,77,0.359488,0.30437,0.663858
12511,Körfez Belediyespor,,Turkey,6,4,10,6,4,10,6,4,10,0,0,0
56736,Mostecký FK,,Czech Republic,0,1,1,0,1,1,0,1,1,0,0,0
9055,Stomil Olsztyn,,Poland,2,2,4,2,2,4,2,2,4,0,0,0
2962,Altrincham FC,,England,1,5,6,1,5,6,1,5,6,0,0.012573,0.012573
5595,Mardinspor,,Turkey,11,8,19,19,14,33,11,8,19,0,0,0
3772,AFC Tubize,,Belgium,29,32,61,42,48,90,29,32,61,0,0.037234,0.037234
40445,Nestos Chrysoupolis,,Greece,1,2,3,2,4,6,1,2,3,0,0,0
40280,Spartak 2 Moscow,,Russia,3,7,10,3,8,11,3,7,10,0,0.062833,0.062833
10663,Liverpool FC Montevideo,,Uruguay,4,6,10,4,8,12,4,6,10,0,1.425659,1.425659
8077,US Vibonese,,Italy,3,6,9,3,9,12,3,6,9,0,0,0
5649,Málaga CF B,,Spain,2,6,8,2,7,9,2,6,8,0,0.155844,0.155844
11856,NK Rovinj,,Croatia,2,3,5,3,12,15,2,3,5,0,0,0
2209,FK Borac Cacak,,Serbia,9,13,22,9,15,24,9,13,22,0,0,0
15096,FC Zdar nad Sazavou,,Czech Republic,0,2,2,0,3,3,0,2,2,0,0,0
3609,Rotor Volgograd,,Russia,28,24,52,38,39,77,28,24,52,0.033333,0.685507,0.718841
3182,Shandong Luneng Taishan,,China,13,9,22,14,9,23,13,9,22,4.155548,0,4.155548
2951,SVZW Wierden,,Netherlands,3,0,3,4,0,4,3,0,3,0,0,0
4297,Varzim Sport Club,,Portugal,28,33,61,41,76,117,28,33,61,0,0.184318,0.184318
1092,IF Brommapojkarna,,Sweden,2,6,8,2,8,10,2,6,8,0,0.18458,0.18458
15064,Guaratinguetá Futebol Ltda. (SP),,Brazil,4,4,8,5,4,9,4,4,8,0,0.581395,0.581395
50965,Atlético dos Arcos,,Portugal,1,0,1,1,0,1,1,0,1,0,0,0
4786,Dukla Banska Bystrica,,Slovakia,9,15,24,10,19,29,9,15,24,0,0.126759,0.126759
27143,Tekirova Belediyespor,,Turkey,0,1,1,0,5,5,0,1,1,0,0,0
35957,FK Palanga,,Lithuania,3,0,3,4,0,4,3,0,3,0,0,0
3996,Atromitos Athens U20,,Greece,2,0,2,2,0,2,2,0,2,0,0,0
41197,AE Sparti,,Greece,6,5,11,6,10,16,6,5,11,0,0,0
19171,Sapri Calcio 1928,,Italy,0,1,1,0,1,1,0,1,1,0,0.008025,0.008025
3905,FC Wiltz 71,,Luxembourg,5,1,6,6,1,7,5,1,6,0,0,0
41804,US Inveruno,,Italy,1,0,1,1,0,1,1,0,1,0,0,0
3836,KSK Maldegem,,Belgium,2,2,4,2,2,4,2,2,4,0,0,0
6503,Chunnam Dragons,,"Korea, South",7,9,16,8,11,19,7,9,16,0.18715,0.8132,1.00035
8394,FC Wels,,Austria,0,3,3,0,5,5,0,3,3,0,0.002244,0.002244
17629,1.FC Kosice,,Slovakia,2,3,5,2,4,6,2,3,5,0,0,0
17425,CD La Equidad Seguros SA,,Colombia,2,2,4,3,2,5,2,2,4,0,0.640582,0.640582
8164,Standard Liège U19,,Belgium,0,8,8,0,12,12,0,8,8,0,0,0
1072,Peterborough United,,England,8,15,23,10,30,40,8,15,23,0.215269,1.652454,1.867724
9211,Bohemian Football Club Dublin,,Ireland,2,3,5,2,3,5,2,3,5,0,0.015445,0.015445
434,FC Luzern,,Switzerland,18,23,41,20,25,45,18,23,41,0.224173,1.02736,1.251533
3267,Leça FC,,Portugal,4,7,11,4,7,11,4,7,11,0,0,0
12321,Girona FC,,Spain,30,31,61,37,50,87,30,31,61,1.149897,0.283918,1.433815
3054,Shrewsbury Town,,England,7,18,25,7,23,30,7,18,25,0,0.219076,0.219076
23664,FK Minsk,,Belarus,7,5,12,10,6,16,7,5,12,0,0,0
35,FC St. Pauli,,Germany,32,37,69,46,58,104,32,37,69,0.925166,1.161371,2.086537
830,Club Atlético Banfield,,Argentina,8,17,25,8,20,28,8,17,25,0,6.382573,6.382573
537,Botafogo Rio de Janeiro,,Brazil,20,25,45,22,33,55,20,25,45,0.988338,5.749426,6.737765
2680,PAE Thraki,,Greece,3,2,5,11,11,22,3,2,5,0,0,0
61,Servette FC,,Switzerland,23,19,42,25,31,56,23,19,42,0,2.48396,2.48396
6114,Pobeda Prilep,,North Macedonia,1,5,6,1,5,6,1,5,6,0.030788,0.029588,0.060376
11344,Dinamo Batumi,,Georgia,3,4,7,3,4,7,3,4,7,0,0,0
352,Swindon Town,,England,23,20,43,28,46,74,23,20,43,0.317986,0.236842,0.554828
4005,Olympiakos Lavriou,,Greece,1,0,1,1,0,1,1,0,1,0,0,0
3840,Adana Demirspor,,Turkey,30,24,54,63,45,108,30,24,54,0,0.083333,0.083333
8494,RCD Mallorca B,,Spain,4,8,12,4,8,12,4,8,12,0,0,0
17836,NK Triglav Kranj,,Slovenia,5,0,5,5,0,5,5,0,5,0,0,0
89,1.FC Union Berlin,,Germany,22,17,39,35,22,57,22,17,39,0.351216,0.926474,1.27769
2727,Oud-Heverlee Leuven,,Belgium,46,48,94,88,93,181,46,48,94,0.047619,0.509664,0.557283
6098,PO Atsaleniou,,Greece,4,6,10,9,18,27,4,6,10,0,0,0
21719,São Carlos Futebol Clube (SP),,Brazil,3,5,8,3,5,8,3,5,8,0,0,0
10872,FC Girondins Bordeaux B,,France,1,2,3,1,2,3,1,2,3,0,0,0
531,Caracas FC,,Venezuela,9,9,18,11,10,21,9,9,18,0,0.552298,0.552298
3933,Nuneaton Town,,England,1,1,2,1,1,2,1,1,2,0,0,0
1785,Santa Cruz Futebol Clube (PE),,Brazil,8,17,25,9,20,29,8,17,25,0,0,0
1557,Würzburger Kickers,,Germany,7,3,10,7,3,10,7,3,10,0.066667,0,0.066667
385,Fortuna Sittard,,Netherlands,41,40,81,55,66,121,41,40,81,0.200292,0.100728,0.301021
38040,Al Ittihad Kalba Sports Club,,United Arab Emirates,5,1,6,5,1,6,5,1,6,0.031839,0,0.031839
282,FK Sarajevo,,Bosnia-Herzegovina,22,26,48,24,34,58,22,26,48,0.004762,0.464776,0.469538
10775,Al-Shamal,,Qatar,2,1,3,2,1,3,2,1,3,0,0,0
28378,Koninklijke HFC Haarlem,,Netherlands,2,0,2,2,0,2,2,0,2,0,0,0
2530,Ratingen 04/19,,Germany,0,1,1,0,1,1,0,1,1,0,0,0
2784,APOEL Nicosia,,Cyprus,38,34,72,58,41,99,38,34,72,0.183132,1.382554,1.565685
9233,NK Nafta 1903,,Slovenia,4,3,7,4,3,7,4,3,7,0,0,0
14589,Gazovik Orenburg,,Russia,37,31,68,60,49,109,37,31,68,0.144523,0.044444,0.188968
58943,Sokol Tasovice,,Czech Republic,1,0,1,1,0,1,1,0,1,0,0,0
10331,FC Porto B,,Portugal,20,22,42,43,31,74,20,22,42,0.365699,0.030593,0.396291
3342,Esperance Tunis,,Tunisia,14,24,38,14,26,40,14,24,38,0.288598,0.897065,1.185664
12048,Druzhba Maikop,,Russia,1,1,2,1,1,2,1,1,2,0,0,0
9212,Galway United FC (liq. 2011),,Ireland,0,1,1,0,1,1,0,1,1,0,0.010638,0.010638
329,Sliema Wanderers,,Malta,3,4,7,3,4,7,3,4,7,0,0,0
3187,Tianjin Teda,,China,17,8,25,17,9,26,17,8,25,3.86487,0,3.86487
16268,NK Zagora Unesic,,Croatia,1,3,4,5,10,15,1,3,4,0,0,0
18504,KSV Roeselare B,,Belgium,0,1,1,0,1,1,0,1,1,0,0,0
10192,Okecie Warszawa,,Poland,0,1,1,0,1,1,0,1,1,0,0,0
2925,FC Lahti,,Finland,4,7,11,4,7,11,4,7,11,0,0.715444,0.715444
23634,FK Poltava,,Ukraine,12,10,22,16,19,35,12,10,22,0,0,0
8428,TP Mazembe,,DR Congo,2,4,6,7,8,15,2,4,6,0,0.531785,0.531785
12378,Ego Spor,,Turkey,9,8,17,17,27,44,9,8,17,0,0,0
43396,Polisportiva Tirreno,,Italy,1,0,1,1,0,1,1,0,1,0,0,0
19662,Okzhetpes Kokshetau,,Kazakhstan,6,4,10,6,5,11,6,4,10,0,0,0
3535,Ulsan Hyundai,,"Korea, South",12,6,18,13,7,20,12,6,18,0.537427,1.849384,2.38681
626,New England Revolution,,United States,5,3,8,5,3,8,5,3,8,0,0.683727,0.683727
10043,SC Maria da Fonte,,Portugal,0,2,2,0,4,4,0,2,2,0,0,0
896,Farum Boldklub (FCN II),,Denmark,1,2,3,1,2,3,1,2,3,0,0,0
2454,Doncaster Rovers,,England,13,27,40,14,55,69,13,27,40,0.170441,0,0.170441
1044,Djurgardens IF,,Sweden,13,23,36,15,25,40,13,23,36,0.325362,3.156188,3.48155
17671,NK Jadran Luka Ploce,,Croatia,1,3,4,1,3,4,1,3,4,0,0,0
101,Tennis Borussia Berlin,,Germany,4,7,11,4,8,12,4,7,11,0,0.10424,0.10424
10784,AA Avanca,,Portugal,2,1,3,2,7,9,2,1,3,0,0,0
3846,Usakspor,,Turkey,3,8,11,4,11,15,3,8,11,0,0,0
6107,Arka Gdynia,,Poland,11,8,19,11,8,19,11,8,19,0,0.004505,0.004505
6380,SK Kladno,,Czech Republic,38,39,77,58,79,137,38,39,77,0.023256,0.006936,0.030192
24394,Standard Liège Reserves,,Belgium,4,14,18,6,16,22,4,14,18,0,0.059524,0.059524
41274,KFCO Beerschot Wilrijk,,Belgium,11,2,13,14,2,16,11,2,13,0.022222,0,0.022222
6683,Canvey Island,,England,2,0,2,3,0,3,2,0,2,0,0,0
20251,Olkom Melitopol,,Ukraine,1,0,1,1,0,1,1,0,1,0,0,0
22330,SS Ischia Isolaverde,,Italy,1,8,9,1,9,10,1,8,9,0,0,0
2300,Jagiellonia Bialystok,,Poland,9,16,25,9,18,27,9,16,25,0.074488,1.501397,1.575885
1109,BK Häcken,,Sweden,9,9,18,9,9,18,9,9,18,0,1.049597,1.049597
8892,NK Graficar Vodovod,,Croatia,3,2,5,6,13,19,3,2,5,0,0,0
854,Korea University,,"Korea, South",0,1,1,0,1,1,0,1,1,0,0,0
10157,FK Aktobe,,Kazakhstan,17,9,26,20,11,31,17,9,26,0.119048,0,0.119048
129,SG Dynamo Dresden,,Germany,16,21,37,21,33,54,16,21,37,0.130049,0.466146,0.596195
34987,RUSG Tertre Hautrage,,Belgium,1,1,2,1,1,2,1,1,2,0,0,0
1701,FC Felgueiras 1932,,Portugal,12,12,24,13,19,32,12,12,24,0,0,0
10090,Asociación Deportivo Pasto,,Colombia,1,2,3,1,2,3,1,2,3,0,0,0
14232,ASFA Yennenga Ouagadougou,,Burkina Faso,0,3,3,0,4,4,0,3,3,0,0.083333,0.083333
2814,Gillingham FC,,England,10,19,29,11,29,40,10,19,29,0,0.749791,0.749791
7042,US Boulogne,,France,21,26,47,23,35,58,21,26,47,0.200541,1.28907,1.489611
10870,Fortaleza Esporte Clube,,Brazil,6,7,13,6,8,14,6,7,13,0,0,0
14075,SC Union Ardagger,,Austria,4,0,4,5,0,5,4,0,4,0,0,0
1030,Asociación Atlética Argentinos Juniors,,Argentina,12,21,33,12,25,37,12,21,33,0.133203,6.146914,6.280117
645,Enyimba Aba,,Nigeria,3,5,8,3,5,8,3,5,8,0,0.092236,0.092236
12065,Torpedo Vladimir,,Russia,1,4,5,1,4,5,1,4,5,0,0,0
9961,Deportivo Cali,,Colombia,9,16,25,9,23,32,9,16,25,0,2.221618,2.221618
29831,FC Viitorul,,Romania,3,13,16,3,14,17,3,13,16,0.09009,1.005908,1.095998
104,SV Eintracht Trier 05,,Germany,6,7,13,7,8,15,6,7,13,0,0,0
996,TuS Koblenz,,Germany,11,10,21,14,12,26,11,10,21,0.02811,0,0.02811
3973,Brasiliense FC (DF),,Brazil,11,8,19,11,9,20,11,8,19,0,0.078947,0.078947
36892,Vitesse Arnhem U21,,Netherlands,4,7,11,4,9,13,4,7,11,0,0.026316,0.026316
1027,Bradford City,,England,26,33,59,39,53,92,26,33,59,1.08845,1.427193,2.515643
5378,Vasas SC,,Hungary,13,8,21,13,8,21,13,8,21,0,0.146903,0.146903
1220,Carlisle United,,England,14,17,31,21,34,55,14,17,31,0.051023,0,0.051023
1211,Port Vale FC,,England,8,18,26,14,22,36,8,18,26,0,0,0
27001,AC Sporting Cecina,,Italy,2,2,4,2,2,4,2,2,4,0,0,0
495,FC Starnberg,,Germany,1,1,2,1,1,2,1,1,2,0,0,0
518,Sariyer,,Turkey,11,11,22,15,19,34,11,11,22,0.003449,0,0.003449
19637,Eléctrico FC,,Portugal,1,1,2,1,3,4,1,1,2,0,0,0
10773,RCD Espanyol B,,Spain,5,9,14,6,9,15,5,9,14,0,0.381579,0.381579
9583,NK Iskra Bugojno,,Bosnia-Herzegovina,2,3,5,2,7,9,2,3,5,0,0.002539,0.002539
6699,Exeter City,,England,6,9,15,7,10,17,6,9,15,0,0.273723,0.273723
11117,FK Baník Sokolov,,Czech Republic,13,17,30,18,52,70,13,17,30,0,0.015697,0.015697
15540,Al-Shabab Al-Arabi Club,,United Arab Emirates,4,1,5,4,1,5,4,1,5,0.092732,0,0.092732
3329,FC Famalicão,,Portugal,14,10,24,17,15,32,14,10,24,0.022791,0,0.022791
9826,Olbia Calcio,,Italy,5,5,10,9,18,27,5,5,10,0,0,0
2778,FC Nordsjaelland,,Denmark,13,28,41,14,35,49,13,28,41,0.204947,6.184545,6.389492
13364,ASO Chlef,,Algeria,1,1,2,1,1,2,1,1,2,0,0.190476,0.190476
44063,Caykurspor,,Turkey,0,1,1,0,3,3,0,1,1,0,0,0
11000,CD Lugo,,Spain,9,16,25,13,23,36,9,16,25,0.051852,0.263792,0.315644
4602,Olympiakos Volou,,Greece,38,36,74,65,66,131,38,36,74,0,0.046053,0.046053
3984,GS Ilioupolis,,Greece,8,6,14,9,8,17,8,6,14,0,0.007953,0.007953
67015,Angelo Baiardo,,Italy,1,0,1,1,0,1,1,0,1,0,0,0
1910,KFC Dessel Sport,,Belgium,9,6,15,18,13,31,9,6,15,0,0,0
459,FC 08 Homburg,,Germany,3,2,5,3,2,5,3,2,5,0,0.007101,0.007101
4480,Villacher SV,,Austria,2,1,3,2,1,3,2,1,3,0,0,0
10850,FC Nantes B,,France,0,2,2,0,3,3,0,2,2,0,0,0
5615,Alma Juventus Fano 1906,,Italy,2,13,15,3,23,26,2,13,15,0,0,0
32679,Nove Zhytya Andreevka,,Ukraine,1,0,1,1,0,1,1,0,1,0,0,0
20058,PAO Krousona,,Greece,4,3,7,5,8,13,4,3,7,0,0,0
11749,Lokomotiv Moscow II,,Russia,12,15,27,17,22,39,12,15,27,0.223684,0.421888,0.645572
2433,CSD Colo Colo,,Chile,12,17,29,13,17,30,12,17,29,0,5.234056,5.234056
5228,Atlantas Klaipeda,,Lithuania,8,4,12,9,6,15,8,4,12,0,0.036711,0.036711
11596,AD Alcorcón,,Spain,15,20,35,21,28,49,15,20,35,0,0.270723,0.270723
4675,Cotonsport de Garoua,,Cameroon,0,5,5,0,6,6,0,5,5,0,0,0
9859,Columbia Lions (Columbia University),,United States,0,1,1,0,1,1,0,1,1,0,0,0
12438,Volga Nizhniy Novgorod,,Russia,47,39,86,88,60,148,47,39,86,0.11456,1.129868,1.244428
1302,Northampton Town,,England,12,27,39,16,39,55,12,27,39,0,0.082206,0.082206
19628,Mes Kerman,,Iran,2,1,3,2,1,3,2,1,3,0,0,0
15273,Genclerbirligi Ankara II,,Turkey,1,4,5,6,5,11,1,4,5,0,0.001365,0.001365
1103,Ternana Calcio,,Italy,31,34,65,46,88,134,31,34,65,1.609902,5.95172,7.561622
2434,SC Salgueiros,,Portugal,22,17,39,27,26,53,22,17,39,0,0,0
2677,CS Herediano,,Costa Rica,4,3,7,4,3,7,4,3,7,0,0,0
16104,FC Copenhagen U19,,Denmark,0,2,2,0,2,2,0,2,2,0,0.041667,0.041667
3522,Spezia Calcio,,Italy,27,27,54,50,96,146,27,27,54,0.520567,0.817441,1.338009
55924,SV Yurdumspor Lehrte,,Germany,0,1,1,0,1,1,0,1,1,0,0,0
1378,SC Untersiebenbrunn,,Austria,9,8,17,18,19,37,9,8,17,0,0,0
67901,AS Giannitsa,,Greece,2,0,2,2,0,2,2,0,2,0,0,0
7009,GAIS Göteborg,,Sweden,2,4,6,2,4,6,2,4,6,0,0.714286,0.714286
938,FC Thun,,Switzerland,4,9,13,4,10,14,4,9,13,0.045582,0.409144,0.454726
254,SV Sandhausen,,Germany,10,10,20,11,11,22,10,10,20,0,0.049391,0.049391
899,Walsall FC,,England,15,26,41,21,38,59,15,26,41,0,0,0
7773,KSV Temse,,Belgium,1,2,3,1,2,3,1,2,3,0,0,0
8541,FK Varnsdorf,,Czech Republic,11,11,22,24,50,74,11,11,22,0.001044,0.009926,0.01097
20760,Bandirmaspor,,Turkey,10,9,19,14,14,28,10,9,19,0,0.05961,0.05961
1234,Club Atlético Independiente,,Argentina,22,34,56,26,38,64,22,34,56,2.103,16.109691,18.212691
6169,Dulwich Hamlet FC,,England,2,3,5,2,3,5,2,3,5,0,0.02649,0.02649
4333,FC Grosseto,,Italy,19,23,42,25,62,87,19,23,42,0.019952,1.006037,1.025989
49933,ASD Bustese 1963,,Italy,3,0,3,4,0,4,3,0,3,0,0,0
12583,Iraty Sport Club (PR),,Brazil,1,5,6,1,5,6,1,5,6,0,1.65966,1.65966
35387,Ratchaburi Mitr Phol FC,,Thailand,4,1,5,4,1,5,4,1,5,0,0,0
33304,Dalian Yifang,,China,10,7,17,11,7,18,10,7,17,3.398682,0.0218,3.420481
10319,FK Bezanija,,Serbia,6,3,9,6,3,9,6,3,9,0,0,0
2540,VfV Borussia 06 Hildesheim,,Germany,1,1,2,3,1,4,1,1,2,0,0,0
937,Júbilo Iwata,,Japan,2,2,4,2,2,4,2,2,4,0,0.067288,0.067288
6405,Avtodor Vladikavkaz,,Russia,1,4,5,3,11,14,1,4,5,0,0,0
2029,Ceará Sporting Club,,Brazil,9,7,16,9,8,17,9,7,16,0,0.00102,0.00102
8524,Olympique de Marseille B,,France,2,7,9,2,10,12,2,7,9,0,0,0
12420,Irtysh Omsk,,Russia,1,2,3,1,3,4,1,2,3,0,0,0
7661,Olympiakos Piräus U20,,Greece,0,10,10,0,12,12,0,10,10,0,0,0
5070,Union Douala,,Cameroon,3,2,5,3,2,5,3,2,5,0,0,0
33623,AO Syrou,,Greece,1,1,2,1,1,2,1,1,2,0,0,0
2504,Kepez Belediyesi Genpaspor,,Turkey,1,3,4,3,6,9,1,3,4,0,0,0
4111,Rimini FC,,Italy,8,19,27,11,40,51,8,19,27,0,1.876633,1.876633
18300,Knyazha Shchaslyve,,Ukraine,4,1,5,5,8,13,4,1,5,0,0,0
48,Karlsruher SC,,Germany,28,31,59,41,60,101,28,31,59,0.826471,3.729499,4.555969
1493,SpVgg Durlach-Aue,,Germany,1,0,1,1,0,1,1,0,1,0,0,0
3729,Arsenal Tula,,Russia,51,40,91,64,50,114,51,40,91,0.0154,0.148018,0.163418
22994,FK Taraz,,Kazakhstan,2,4,6,3,4,7,2,4,6,0,0,0
102,VfB Stuttgart II,,Germany,2,17,19,2,17,19,2,17,19,0,0.056307,0.056307
1165,FC Martigues,,France,11,12,23,13,14,27,11,12,23,0,0,0
1199,Royal Excelsior Virton,,Belgium,12,15,27,13,22,35,12,15,27,0,0.047619,0.047619
26069,Al Qadisiyah FC,,Saudi Arabia,1,1,2,1,1,2,1,1,2,0,0,0
2973,RWD Molenbeek,,Belgium,18,15,33,19,26,45,18,15,33,0,0,0
1201,FC Denderleeuw,,Belgium,11,4,15,13,4,17,11,4,15,0,0,0
9261,Everton FC U21,,England,6,4,10,6,4,10,6,4,10,0.036819,0,0.036819
12574,Club Deportivo Godoy Cruz Antonio Tomba,,Argentina,7,8,15,7,11,18,7,8,15,0.140201,0.493099,0.6333
29294,Kabuscorp SC do Palanca,,Angola,3,1,4,3,1,4,3,1,4,0,0,0
1423,Valenciennes FC,,France,54,58,112,81,95,176,54,58,112,6.582855,7.704225,14.28708
330,Clube Atlético Mineiro,,Brazil,32,36,68,38,45,83,32,36,68,4.410647,12.700805,17.111451
31943,Inter Boyarka,,Ukraine,2,3,5,2,5,7,2,3,5,0,0,0
3593,Borysfen Boryspil,,Ukraine,19,15,34,28,33,61,19,15,34,0,0.091164,0.091164
8943,1.FC Slovacko B,,Czech Republic,1,1,2,1,2,3,1,1,2,0,0,0
35417,AE Alexandrias,,Greece,1,0,1,1,0,1,1,0,1,0,0,0
1177,Silkeborg IF,,Denmark,5,8,13,5,9,14,5,8,13,0,0.156055,0.156055
6071,Chengdu Tiancheng,,China,5,2,7,5,2,7,5,2,7,0,0,0
12469,KF Skënderbeu,,Albania,7,8,15,7,8,15,7,8,15,0,0.244962,0.244962
35599,FC Onze Bravos do Maquis,,Angola,2,0,2,2,0,2,2,0,2,0,0,0
6483,AC Sparta Prague B,,Czech Republic,13,16,29,25,25,50,13,16,29,0,0.052632,0.052632
6038,SK Sigma Olomouc B,,Czech Republic,4,2,6,4,2,6,4,2,6,0,0,0
7097,Club Atlético Unión (Santa Fe),,Argentina,7,8,15,8,8,16,7,8,15,0.219581,0.110786,0.330367
3708,Barakaldo CF,,Spain,6,3,9,6,4,10,6,3,9,0,0,0
5226,Tiligul-Tiras Tiraspol,,Moldova,1,6,7,1,7,8,1,6,7,0,0.032258,0.032258
30685,CS Constantine,,Algeria,1,0,1,1,0,1,1,0,1,0,0,0
4386,BNZ FC Kärnten U19,,Austria,0,3,3,0,8,8,0,3,3,0,0,0
10330,SL Benfica B,,Portugal,20,21,41,39,37,76,20,21,41,0.165051,0.130541,0.295592
17300,Desportivo Brasil Ltda (SP),,Brazil,12,15,27,18,21,39,12,15,27,1.147571,8.692636,9.840207
12383,Gaskispor,,Turkey,1,1,2,2,6,8,1,1,2,0,0,0
3369,Arab Contractors SC,,Egypt,2,1,3,3,1,4,2,1,3,0,0,0
4085,AS Fidelis Andria,,Italy,10,13,23,12,27,39,10,13,23,0.000085,0.005319,0.005405
21550,Granada CF B,,Spain,1,4,5,2,9,11,1,4,5,0,0.2383,0.2383
46619,ASD Arzignano Valchiampo,,Italy,1,1,2,1,1,2,1,1,2,0,0,0
8579,ASD Manfredonia Calcio,,Italy,4,5,9,4,8,12,4,5,9,0,0,0
2509,Hamburger SV U19,,Germany,1,4,5,1,4,5,1,4,5,0.035714,0.006694,0.042409
5514,Calcio Lecco 1912,,Italy,10,12,22,12,20,32,10,12,22,0,0.0002,0.0002
9819,FCSB II,,Romania,1,1,2,1,1,2,1,1,2,0,0,0
8684,FC Hlucin,,Czech Republic,9,5,14,15,13,28,9,5,14,0,0,0
1087,UD Salamanca,,Spain,17,24,41,26,33,59,17,24,41,0,1.243271,1.243271
50976,Iskenderun Belediye Genclik ve Spor,,Turkey,0,1,1,0,1,1,0,1,1,0,0,0
20591,Nasaf Qarshi,,Uzbekistan,0,2,2,0,2,2,0,2,2,0,0,0
45457,Pafos FC,,Cyprus,13,4,17,13,4,17,13,4,17,0,0,0
31614,PFK Ludogorets Razgrad,,Bulgaria,8,11,19,8,11,19,8,11,19,0.416886,1.554568,1.971454
29109,Hirnyk-Sport Horishni Plavni,,Ukraine,4,5,9,5,9,14,4,5,9,0,0,0
4032,SD Ponferradina,,Spain,14,16,30,17,19,36,14,16,30,0,0.064061,0.064061
987,Motherwell FC,,Scotland,7,9,16,8,14,22,7,9,16,0,0.467836,0.467836
11128,Zvezda Irkutsk,,Russia,1,4,5,1,4,5,1,4,5,0,0,0
11754,Tom Tomsk II,,Russia,0,1,1,0,1,1,0,1,1,0,0,0
119,Maccabi Tel Aviv,,Israel,27,33,60,33,37,70,27,33,60,0.671001,1.702083,2.373084
2744,ZSKA Kyiv,,Ukraine,14,16,30,19,39,58,14,16,30,0,0.025806,0.025806
11757,SV Wienerberg,,Austria,0,2,2,0,8,8,0,2,2,0,0,0
6267,Ilysiakos AO,,Greece,9,6,15,14,15,29,9,6,15,0,0.084276,0.084276
10670,AS Melfi,,Italy,7,18,25,7,25,32,7,18,25,0,0,0
33966,CSMS Iasi,,Romania,8,2,10,8,2,10,8,2,10,0,0,0
9781,South Carolina Gamecocks (University of SC),,United States,1,0,1,1,0,1,1,0,1,0,0,0
4515,US Poggibonsi,,Italy,4,9,13,5,17,22,4,9,13,0,0,0
271,FC Litex Lovetch,,Bulgaria,15,21,36,15,26,41,15,21,36,0,4.128624,4.128624
2277,BSV Juniors Villach,,Austria,4,3,7,23,6,29,4,3,7,0,0,0
1194,Rotherham United,,England,11,22,33,11,33,44,11,22,33,0.036711,0.466098,0.502809
30590,AS Khroub,,Algeria,1,0,1,1,0,1,1,0,1,0,0,0
14708,FC São Paulo B,,Brazil,1,7,8,1,7,8,1,7,8,0,2.384534,2.384534
4324,Imolese Calcio 1919,,Italy,3,6,9,3,9,12,3,6,9,0,0,0
779,MFK Kosice,,Slovakia,5,9,14,5,14,19,5,9,14,0,0.186637,0.186637
12422,Kavkaztransgaz-2005 Ryzdvyany,,Russia,0,1,1,0,1,1,0,1,1,0,0,0
2790,FC Lugano,,Switzerland,17,18,35,23,33,56,17,18,35,0.041828,0.430943,0.47277
1242,NK Siroki Brijeg,,Bosnia-Herzegovina,16,21,37,25,42,67,16,21,37,0.065789,0.425486,0.491276
4950,NK Otok,,Croatia,1,1,2,3,2,5,1,1,2,0,0,0
748,Mogren Budva,,Montenegro,2,5,7,2,5,7,2,5,7,0,1,1
7110,Quick Boys,,Netherlands,2,1,3,3,2,5,2,1,3,0,0,0
31983,NK Stupnik,,Croatia,1,3,4,1,4,5,1,3,4,0,0,0
452,BSC Young Boys,,Switzerland,23,35,58,28,42,70,23,35,58,1.772388,10.921269,12.693657
7074,Politehnica Timisoara,,Romania,15,15,30,17,16,33,15,15,30,0.873658,0.976044,1.849702
623,MetroStars,,United States,14,10,24,18,12,30,14,10,24,0.298663,3.902422,4.201085
7087,MFK Ruzomberok,,Slovakia,17,23,40,24,38,62,17,23,40,0,0.306182,0.306182
2772,FC Kreuzlingen,,Switzerland,1,0,1,1,0,1,1,0,1,0,0,0
1007,Universitatea Craiova,,Romania,10,6,16,11,6,17,10,6,16,0.010638,0.002539,0.013178
311,FC Pohang Steelers,,"Korea, South",6,4,10,6,4,10,6,4,10,0,0.197368,0.197368
9218,Enppi Club,,Egypt,5,2,7,5,2,7,5,2,7,0,1.384712,1.384712
31843,Clube Esportivo Lajeadense (RS),,Brazil,2,1,3,2,1,3,2,1,3,0,0,0
1124,Fakel Voronezh,,Russia,27,20,47,43,28,71,27,20,47,0.025439,0.008376,0.033814
6062,Defensores de Belgrano,,Argentina,3,2,5,3,3,6,3,2,5,0,0,0
26007,Olímpic Xàtiva,,Spain,2,1,3,2,1,3,2,1,3,0,0,0
10091,Dorados de Sinaloa,,Mexico,1,0,1,1,0,1,1,0,1,0,0,0
10643,AC Bellaria Igea Marina,,Italy,5,8,13,6,36,42,5,8,13,0,0.000053,0.000053
30533,Balmazújváros FC,,Hungary,1,1,2,1,1,2,1,1,2,0,0,0
3993,AO Trikala,,Greece,13,16,29,30,23,53,13,16,29,0.000919,0.020981,0.0219
22045,US Latina Calcio,,Italy,10,20,30,16,55,71,10,20,30,0.291254,0.228326,0.51958
13326,AZAL PFK Baku,,Azerbaijan,4,2,6,4,2,6,4,2,6,0,0,0
1622,FC Viktoria Köln,,Germany,4,3,7,4,3,7,4,3,7,0,0.012237,0.012237
6912,FC Vizela,,Portugal,12,11,23,20,24,44,12,11,23,0,0,0
428,Górnik Zabrze,,Poland,11,12,23,13,13,26,11,12,23,0.032609,1.016217,1.048825
716,PGE GKS Belchatow,,Poland,2,5,7,2,5,7,2,5,7,0,0.679006,0.679006
8841,Xäzär Länkäran,,Azerbaijan,13,6,19,16,6,22,13,6,19,0,0,0
8285,NK Troglav Livno,,Bosnia-Herzegovina,3,1,4,3,1,4,3,1,4,0,0,0
6499,Daejeon Citizen FC,,"Korea, South",3,0,3,3,0,3,3,0,3,0,0,0
11495,Ajax Amateurs,,Netherlands,2,1,3,2,1,3,2,1,3,0,0,0
3265,SC Espinho,,Portugal,8,13,21,11,17,28,8,13,21,0,0,0
11008,Juventus Primavera,,Italy,3,12,15,3,12,15,3,12,15,0,1.718925,1.718925
8994,EVV Echt,,Netherlands,2,0,2,6,0,6,2,0,2,0,0,0
12208,SC Retz,,Austria,3,0,3,3,0,3,3,0,3,0,0,0
35476,AO Trachones Alimos,,Greece,3,2,5,5,2,7,3,2,5,0,0,0
7409,ASD Vastese Calcio 1902,,Italy,2,4,6,2,4,6,2,4,6,0,0,0
4507,NK Primorje Ajdovscina,,Slovenia,5,6,11,5,6,11,5,6,11,0,0,0
9902,Le Poiré-sur-Vie VF,,France,2,5,7,2,5,7,2,5,7,0,0,0
6646,Fatih Karagümrük,,Turkey,11,8,19,12,9,21,11,8,19,0,0,0
14447,RD Águeda,,Portugal,1,0,1,1,0,1,1,0,1,0,0,0
9128,SV Stegersbach,,Austria,3,1,4,4,1,5,3,1,4,0,0.000816,0.000816
12266,NK Primorac Biograd,,Croatia,4,5,9,11,15,26,4,5,9,0,0,0
9875,Club Libertad Asunción,,Paraguay,8,2,10,10,2,12,8,2,10,0.091164,0.312144,0.403308
3834,Sokol Saratov,,Russia,26,20,46,32,29,61,26,20,46,0.008376,0.021739,0.030115
14888,US Città di Pontedera,,Italy,9,14,23,13,34,47,9,14,23,0.000966,0.014188,0.015154
3739,KF Teuta,,Albania,4,4,8,4,4,8,4,4,8,0,0.026596,0.026596
527,FC Lausanne-Sport,,Switzerland,17,18,35,20,19,39,17,18,35,0.070971,0.572072,0.643043
20303,SC Cambuur-Leeuwarden U21,,Netherlands,2,0,2,2,0,2,2,0,2,0,0,0
37335,AO Ermis Zonianon,,Greece,2,3,5,3,3,6,2,3,5,0,0,0
8536,Qingdao Jonoon,,China,8,3,11,8,3,11,8,3,11,0.194805,0,0.194805
37782,Panarkadikos AO,,Greece,1,1,2,6,17,23,1,1,2,0,0,0
9100,Moghreb Tétouan,,Morocco,3,3,6,3,3,6,3,3,6,0,0,0
14588,FK Reutov,,Russia,0,1,1,0,1,1,0,1,1,0,0,0
2557,Orlando Pirates,,South Africa,6,6,12,7,6,13,6,6,12,0,0.810028,0.810028
3716,Newport County,,England,2,4,6,2,6,8,2,4,6,0,0,0
31175,Galbiatese Oggiono,,Italy,1,1,2,1,1,2,1,1,2,0,0,0
36999,Sumgayit PFC,,Azerbaijan,1,1,2,1,1,2,1,1,2,0,0,0
7474,VV Noordwijk,,Netherlands,5,0,5,5,0,5,5,0,5,0,0,0
9935,Yalovaspor,,Turkey,4,2,6,4,2,6,4,2,6,0,0,0
111,Rot-Weiß Erfurt,,Germany,11,6,17,14,6,20,11,6,17,0,0.028748,0.028748
3884,AFC Wimbledon,,England,3,8,11,3,8,11,3,8,11,0,0.02807,0.02807
11748,Kuban Krasnodar II,,Russia,2,2,4,2,2,4,2,2,4,0,0.118421,0.118421
18344,SPG FC Tirol II/Innsbrucker SK,,Austria,2,0,2,2,0,2,2,0,2,0,0,0
7469,DOTO Pernis,,Netherlands,3,0,3,3,0,3,3,0,3,0,0,0
20169,ASKÖ Stinatz,,Austria,0,1,1,0,1,1,0,1,1,0,0,0
5163,SSD Città di Brindisi,,Italy,4,5,9,5,6,11,4,5,9,0,0,0
4031,Cosenza Calcio 1914,,Italy,14,22,36,18,40,58,14,22,36,0,0,0
11038,NK Zminj,,Croatia,1,2,3,2,7,9,1,2,3,0,0,0
6023,AD Sanjoanense,,Portugal,4,7,11,4,9,13,4,7,11,0,0,0
902,FK Rad,,Serbia,16,28,44,17,31,48,16,28,44,0,1.490913,1.490913
28596,FC MAS Taborsko,,Czech Republic,10,12,22,13,35,48,10,12,22,0,0,0
7088,Fethiyespor,,Turkey,8,12,20,10,26,36,8,12,20,0,0,0
500,Helmond Sport,,Netherlands,23,22,45,31,44,75,23,22,45,0,0.052632,0.052632
14831,Club Atlético Boca Juniors II,,Argentina,3,2,5,4,2,6,3,2,5,0,0.139535,0.139535
666,Real Jaén CF,,Spain,10,7,17,11,8,19,10,7,17,0,0,0
18487,Al-Ahli Jeddah,,Saudi Arabia,15,12,27,16,12,28,15,12,27,4.270374,0.28855,4.558924
1955,Djoliba AC Bamako,,Mali,0,2,2,0,2,2,0,2,2,0,0.092105,0.092105
10540,Irtysh Pavlodar,,Kazakhstan,11,5,16,11,6,17,11,5,16,0,0,0
3301,Suwon Samsung Bluewings FC,,"Korea, South",7,9,16,7,10,17,7,9,16,1.10251,0.873092,1.975602
7811,SB Castelo Branco,,Portugal,3,7,10,3,7,10,3,7,10,0,0,0
4959,Otelul Galati,,Romania,7,8,15,7,9,16,7,8,15,0.023256,0.417291,0.440546
6347,Paysandu Sport Club,,Brazil,5,11,16,6,11,17,5,11,16,0,0,0
26250,ASD Pro Settimo & Eureka,,Italy,3,0,3,3,0,3,3,0,3,0,0,0
9614,Östersunds FK,,Sweden,3,4,7,3,4,7,3,4,7,0,0.694074,0.694074
776,Coritiba Foot Ball Club,,Brazil,15,30,45,16,38,54,15,30,45,0.238095,3.617773,3.855868
3140,FK Hajduk Kula,,Serbia,2,4,6,2,4,6,2,4,6,0,0.089856,0.089856
2697,Sanfrecce Hiroshima,,Japan,6,7,13,6,7,13,6,7,13,0.331582,0.380952,0.712534
3679,Atlético Madrid B,,Spain,8,20,28,8,20,28,8,20,28,0.595238,0.413116,1.008354
6044,Club Plaza Colonia,,Uruguay,2,0,2,2,0,2,2,0,2,0,0,0
20151,FK Bukhara,,Uzbekistan,2,1,3,2,1,3,2,1,3,0,0,0
5745,Zeytinburnuspor,,Turkey,3,6,9,3,9,12,3,6,9,0,0,0
362,Akademisk Boldklub,,Denmark,4,9,13,4,10,14,4,9,13,0,0.740618,0.740618
44394,KFC Houtvenne,,Belgium,1,0,1,1,0,1,1,0,1,0,0,0
5174,FC Pavia 1911,,Italy,13,21,34,18,40,58,13,21,34,0,0.034186,0.034186
22403,SF Aversa Normanna,,Italy,5,8,13,7,9,16,5,8,13,0,0.007101,0.007101
15906,Bruk-Bet Termalica Nieciecza,,Poland,5,4,9,5,4,9,5,4,9,0,0,0
1062,Shimizu S-Pulse,,Japan,11,6,17,11,6,17,11,6,17,0.074215,0,0.074215
18975,FK Litvinov,,Czech Republic,1,1,2,1,1,2,1,1,2,0,0,0
21968,VV Zwartemeer,,Netherlands,0,1,1,0,1,1,0,1,1,0,0,0
22177,Sagan Tosu,,Japan,5,4,9,5,4,9,5,4,9,0.022523,0.071914,0.094437
2811,NK Spansko Zagreb,,Croatia,2,0,2,2,0,2,2,0,2,0,0,0
11449,Clube de Regatas Brasil (AL),,Brazil,5,5,10,5,5,10,5,5,10,0,0.003398,0.003398
1150,Leyton Orient,,England,10,20,30,10,44,54,10,20,30,0,0.341863,0.341863
1004,FK Zeta Golubovac,,Serbia,2,7,9,3,9,12,2,7,9,0,0.25974,0.25974
68,SSV Reutlingen 05,,Germany,5,5,10,8,6,14,5,5,10,0.020425,0.301758,0.322183
801,IFK Göteborg,,Sweden,14,25,39,16,28,44,14,25,39,0.81032,2.683728,3.494049
11040,FK Radnik Bijeljina,,Bosnia-Herzegovina,1,3,4,1,3,4,1,3,4,0,0.038095,0.038095
37772,AE Karaiskakis Artas,,Greece,3,5,8,4,8,12,3,5,8,0,0,0
84,Debreceni VSC,,Hungary,18,17,35,18,17,35,18,17,35,0,1.365765,1.365765
36137,Muravera Calcio,,Italy,0,1,1,0,2,2,0,1,1,0,0,0
14718,Club Atlético Douglas Haig,,Argentina,1,1,2,1,1,2,1,1,2,0,0,0
21829,Oeste Futebol Clube (SP),,Brazil,2,3,5,2,3,5,2,3,5,0,0,0
2615,FC Waidhofen/Ybbs,,Austria,4,1,5,6,2,8,4,1,5,0,0,0
25246,NK Tresnjevka Zagreb,,Croatia,1,2,3,1,3,4,1,2,3,0,0,0
19257,NK Krk,,Croatia,0,4,4,0,10,10,0,4,4,0,0,0
34025,AO Loukisia,,Greece,1,0,1,1,0,1,1,0,1,0,0,0
161,Al-Wahda FC Abu Dhabi,,United Arab Emirates,10,3,13,11,3,14,10,3,13,0.8154,0,0.8154
2371,1.FC Kaiserslautern U19,,Germany,0,2,2,0,2,2,0,2,2,0,0.023256,0.023256
2669,FS Kozani,,Greece,5,5,10,5,9,14,5,5,10,0,0,0
1,1.FC Saarbrücken,,Germany,16,14,30,22,16,38,16,14,30,0.032258,0.24426,0.276518
2824,Ajax Amsterdam U19,,Netherlands,0,10,10,0,13,13,0,10,10,0,0.024474,0.024474
18577,CS Cartaginés,,Costa Rica,1,1,2,1,1,2,1,1,2,0,0,0
8817,Ajax Amsterdam U21,,Netherlands,20,25,45,24,58,82,20,25,45,0.14964,0.409481,0.559121
5571,AO Chaidari,,Greece,4,8,12,7,17,24,4,8,12,0,0.013158,0.013158
6361,Podbeskidzie Bielsko-Biala,,Poland,6,5,11,6,5,11,6,5,11,0,0,0
2419,Atletico River Plate Montevideo,,Uruguay,5,14,19,5,15,20,5,14,19,0,3.183497,3.183497
30132,NK Zlatna Luka Sukosan,,Croatia,1,0,1,2,0,2,1,0,1,0,0,0
4097,US Catanzaro,,Italy,18,19,37,22,29,51,18,19,37,0,0,0
2036,1.FC Heidenheim 1846,,Germany,7,8,15,10,9,19,7,8,15,0.121207,0.390414,0.51162
54585,Sepsi Sf. Gheorghe,,Romania,3,2,5,3,2,5,3,2,5,0,0,0
2580,FC Istres Ville Nouvelle,,France,33,41,74,47,51,98,33,41,74,0.045582,0.900111,0.945693
2063,Club Atlético Huracán,,Argentina,4,16,20,4,18,22,4,16,20,0,2.597485,2.597485
511,Dundee FC,,Scotland,13,9,22,13,10,23,13,9,22,0.0164,0.28973,0.306129
184,Club Alianza Lima,,Peru,8,12,20,8,17,25,8,12,20,0.023256,1.619801,1.643057
211,Bayer 04 Leverkusen II,,Germany,2,8,10,2,10,12,2,8,10,0,0.029703,0.029703
12285,Kozakken Boys,,Netherlands,4,2,6,4,2,6,4,2,6,0,0,0
11746,FK Rostov II,,Russia,3,0,3,3,0,3,3,0,3,0,0,0
27832,Brasília Futebol Clube (DF),,Brazil,1,0,1,1,0,1,1,0,1,0,0,0
988,Oxford United,,England,7,12,19,9,14,23,7,12,19,0,0.106667,0.106667
10857,Paulista Futebol Clube (SP),,Brazil,3,7,10,3,7,10,3,7,10,0,0,0
11401,NK Granicar Zupanja,,Croatia,1,2,3,2,7,9,1,2,3,0,0,0
788,FK Napredak Krusevac,,Serbia,5,5,10,5,5,10,5,5,10,0,0.023256,0.023256
5411,FC Honka,,Finland,4,3,7,4,3,7,4,3,7,0,0,0
37439,AC Sparta Prag U21,,Czech Republic,5,4,9,5,4,9,5,4,9,0,0,0
15058,FK Cukaricki U19,,Serbia,0,2,2,0,2,2,0,2,2,0,0,0
23253,DNŠ Zavrč,,Slovenia,8,3,11,13,5,18,8,3,11,0,0,0
3776,Rovaniemen Palloseura,,Finland,1,5,6,1,5,6,1,5,6,0,0.030425,0.030425
52778,SKV Zwevezele,,Belgium,1,0,1,1,0,1,1,0,1,0,0,0
678,Aarhus GF,,Denmark,17,17,34,17,18,35,17,17,34,0.239695,1.662438,1.902133
446,VfL Bochum II,,Germany,1,7,8,1,7,8,1,7,8,0,0,0
33752,Valle Grecanica,,Italy,0,1,1,0,1,1,0,1,1,0,0,0
1401,FC Oberlausitz Neugersdorf,,Germany,8,2,10,12,2,14,8,2,10,0,0,0
143,VfL Wolfsburg II,,Germany,6,5,11,6,5,11,6,5,11,0.027965,0.058675,0.086641
2844,IFK Norrköping,,Sweden,6,13,19,6,15,21,6,13,19,0.032258,1.296489,1.328747
819,Club Africain Tunis,,Tunisia,11,14,25,11,15,26,11,14,25,0.180233,1.005927,1.186159
3161,Tours FC,,France,22,30,52,32,43,75,22,30,52,0.026316,1.438132,1.464448
6984,Once Caldas,,Colombia,3,8,11,3,8,11,3,8,11,0,1.463737,1.463737
6908,Hayes & Yeading FC,,England,1,1,2,1,1,2,1,1,2,0,0,0
8512,FC Paris Saint-Germain B,,France,2,16,18,2,21,23,2,16,18,0,0,0
18702,Olympique Khouribga,,Morocco,2,2,4,2,2,4,2,2,4,0,0,0
299,Wuppertaler SV Borussia,,Germany,6,1,7,6,1,7,6,1,7,0,0.034884,0.034884
16576,CD Guadalajara,,Spain,5,2,7,6,2,8,5,2,7,0,0.021512,0.021512
262,Hapoel Petah Tikva,,Israel,13,9,22,17,9,26,13,9,22,0,0.1046,0.1046
8816,Dallas Burn,,United States,10,6,16,10,6,16,10,6,16,0.221166,1.004557,1.225722
45276,NorthEast United FC,,India,7,3,10,8,3,11,7,3,10,0,0,0
37956,Erzincan Refahiyespor,,Turkey,2,4,6,2,5,7,2,4,6,0,0,0
7714,Olympique Noisy-le-Sec,,France,0,3,3,0,3,3,0,3,3,0,0,0
4458,SV Neuberg,,Austria,2,1,3,3,1,4,2,1,3,0,0,0
1519,Dundee United FC,,Scotland,10,16,26,11,17,28,10,16,26,0,1.364706,1.364706
250,Etoile Sportive du Sahel,,Tunisia,5,14,19,5,15,20,5,14,19,0,2.209509,2.209509
4040,FK Partizani,,Albania,11,9,20,12,10,22,11,9,20,0,0.128861,0.128861
28071,Inter-2005 Moskau,,Russia,0,1,1,0,1,1,0,1,1,0,0,0
20057,AO Nea Ionia,,Greece,1,1,2,2,7,9,1,1,2,0,0,0
432,Chicago Fire,,United States,14,13,27,15,13,28,14,13,27,0.078671,1.182141,1.260812
3909,Shelbourne FC,,Ireland,3,1,4,3,1,4,3,1,4,0,0,0
1063,Viborg FF,,Denmark,4,8,12,4,8,12,4,8,12,0,0.123754,0.123754
14690,La Plata Futbol Club,,Argentina,1,0,1,1,0,1,1,0,1,0,0,0
970,Perth Glory,,Australia,13,8,21,14,8,22,13,8,21,0,0.179593,0.179593
8086,1. SC Sollenau,,Austria,2,2,4,3,2,5,2,2,4,0,0,0
42903,UE Figueres,,Spain,1,0,1,1,0,1,1,0,1,0,0,0
568,Kaizer Chiefs,,South Africa,10,10,20,10,12,22,10,10,20,0,0.687343,0.687343
3559,Toulouse Fontaines Club,,France,1,1,2,1,1,2,1,1,2,0,0,0
2324,Gaziosmanpasa,,Turkey,2,7,9,2,8,10,2,7,9,0,0,0
12824,SC Feignies,,France,3,0,3,4,0,4,3,0,3,0,0,0
6082,Zenit St. Petersburg II,,Russia,8,9,17,14,14,28,8,9,17,0,0.105263,0.105263
4093,Taranto FC 1927,,Italy,9,17,26,13,31,44,9,17,26,0,0.139535,0.139535
35498,36 Lion FC,,Nigeria,1,2,3,1,2,3,1,2,3,0,0,0
8028,Messiniakos GS,,Greece,7,4,11,10,4,14,7,4,11,0,0.012987,0.012987
33639,PAO Koufalion,,Greece,1,0,1,2,0,2,1,0,1,0,0,0
37954,Elazig Belediyespor,,Turkey,0,3,3,0,5,5,0,3,3,0,0,0
37963,Kayseri Sekerspor,,Turkey,1,1,2,2,6,8,1,1,2,0,0,0
36745,AC Tuttocuoio,,Italy,2,8,10,3,17,20,2,8,10,0.04283,0.04401,0.08684
2974,Royal Francs Borains,,Belgium,11,6,17,17,7,24,11,6,17,0,0,0
10695,Shakhtjor Soligorsk,,Belarus,11,9,20,14,12,26,11,9,20,0,0.230066,0.230066
3105,RCS Verviers,,Belgium,3,1,4,5,1,6,3,1,4,0,0,0
6673,SKA Rostov-na-Donu,,Russia,5,4,9,8,5,13,5,4,9,0,0.069767,0.069767
26251,US Folgore Caratese,,Italy,4,2,6,6,2,8,4,2,6,0,0,0
1214,Club Cerro Porteño,,Paraguay,12,14,26,12,17,29,12,14,26,0.095238,2.42157,2.516809
20532,SK Hlavice,,Czech Republic,3,4,7,3,4,7,3,4,7,0,0,0
20249,NK Neretvanac Opuzen,,Croatia,3,2,5,3,2,5,3,2,5,0,0,0
18544,Al-Nassr FC,,Saudi Arabia,16,7,23,17,7,24,16,7,23,3.800587,0,3.800587
2843,GIF Sundsvall,,Sweden,3,2,5,3,2,5,3,2,5,0,0.07619,0.07619
1418,Club Atlético Rosario Central,,Argentina,17,17,34,17,25,42,17,17,34,0.44783,7.259505,7.707335
8738,AS Pizzighettone,,Italy,2,6,8,2,12,14,2,6,8,0.0002,0,0.0002
26883,USD Sestri Levante 1919,,Italy,2,5,7,2,5,7,2,5,7,0,0,0
43543,AS Fabrègues,,France,1,0,1,1,0,1,1,0,1,0,0,0
3715,Metallurg-Kuzbass Novokuznetsk,,Russia,8,5,13,9,6,15,8,5,13,0.045582,0.104651,0.150233
27563,US Borgo a Buggiano 1920,,Italy,2,2,4,3,5,8,2,2,4,0,0,0
20610,FK Poprad,,Slovakia,0,1,1,0,2,2,0,1,1,0,0,0
2524,Al-Jazira (Abu Dhabi),,United Arab Emirates,23,7,30,27,7,34,23,7,30,7.886428,1.693523,9.579951
9641,GNK Dinamo Zagreb U19,,Croatia,2,6,8,2,28,30,2,6,8,0,0,0
11831,Club Atlético Tigre,,Argentina,7,15,22,7,19,26,7,15,22,0,1.454149,1.454149
8889,SL Benfica U19,,Portugal,1,4,5,1,5,6,1,4,5,0,0,0
6362,SD Aucas,,Ecuador,3,0,3,3,0,3,3,0,3,0,0,0
584,Berliner AK 07,,Germany,3,2,5,3,7,10,3,2,5,0,0.005681,0.005681
7844,SV Langenrohr,,Austria,1,0,1,1,0,1,1,0,1,0,0,0
18506,Metalurg Skopje,,North Macedonia,3,6,9,3,6,9,3,6,9,0,0,0
10247,Associação Portuguesa de Desportos (SP),,Brazil,10,15,25,11,16,27,10,15,25,0,3.583445,3.583445
12112,NK ZET 1927,,Croatia,1,0,1,3,0,3,1,0,1,0,0,0
6342,White Star Brüssel,,Belgium,11,12,23,16,17,33,11,12,23,0,0.023058,0.023058
2497,Real Oviedo,,Spain,23,23,46,30,29,59,23,23,46,0,0.202655,0.202655
33109,NK Drava Novigrad Podravski,,Croatia,1,1,2,1,1,2,1,1,2,0,0,0
35792,NK Polaca,,Croatia,1,0,1,1,0,1,1,0,1,0,0,0
52068,Ajax U18,,Netherlands,0,3,3,0,3,3,0,3,3,0,0,0
17194,Mineros de Guayana,,Venezuela,3,7,10,4,8,12,3,7,10,0,0.067568,0.067568
1154,Red Star FC 93,,France,13,19,32,16,23,39,13,19,32,0,0.19009,0.19009
4770,ND FC Ljubljana,,Slovenia,4,4,8,5,4,9,4,4,8,0,0,0
8092,AD Pontassolense,,Portugal,2,2,4,2,2,4,2,2,4,0,0,0
7570,VV Bennekom,,Netherlands,0,1,1,0,1,1,0,1,1,0,0,0
31068,Orange County SC,,United States,4,0,4,4,0,4,4,0,4,0,0,0
6981,South Melbourne FC,,Australia,4,5,9,5,5,10,4,5,9,0,0,0
9881,Jura Sud Foot,,France,0,1,1,0,1,1,0,1,1,0,0,0
5026,KVSK United,,Belgium,21,17,38,32,41,73,21,17,38,0,0.107246,0.107246
12430,Sheksna Cherepovets,,Russia,2,1,3,2,1,3,2,1,3,0,0,0
31063,SV Lichtenberg,,Austria,0,1,1,0,1,1,0,1,1,0,0,0
14389,Leicester City U18,,England,0,2,2,0,2,2,0,2,2,0,0,0
4319,SC Schwanenstadt,,Austria,6,6,12,12,12,24,6,6,12,0,0.091164,0.091164
333,Club Atlético Lanús,,Argentina,17,24,41,18,25,43,17,24,41,0.034828,8.070741,8.105568
3163,SWI Harelbeke,,Belgium,1,1,2,1,1,2,1,1,2,0,0,0
10948,Guangzhou Evergrande,,China,17,5,22,18,7,25,17,5,22,17.039664,2.098832,19.138495
1377,OC Vannes,,France,11,9,20,11,11,22,11,9,20,0,0.08547,0.08547
7532,Hapoel Kfar Saba,,Israel,2,2,4,2,2,4,2,2,4,0,0,0
13278,FC Tiraspol,,Moldova,2,3,5,3,3,6,2,3,5,0,0,0
3410,Excelsior Maassluis,,Netherlands,2,2,4,4,2,6,2,2,4,0,0,0
7468,Club Olimpo,,Argentina,4,6,10,5,6,11,4,6,10,0,0.025926,0.025926
7207,Vittoria Calcio,,Italy,2,2,4,2,4,6,2,2,4,0,0,0
2805,Wycombe Wanderers,,England,8,18,26,10,34,44,8,18,26,0.023256,0.068376,0.091632
32079,Angra dos Reis Esporte Clube (RJ),,Brazil,2,1,3,2,2,4,2,1,3,0,0,0
8758,Diagoras Rodou,,Greece,13,9,22,21,14,35,13,9,22,0,0,0
3315,KVK Tienen,,Belgium,15,7,22,22,11,33,15,7,22,0,0,0
16243,Ihroservis Simferopol,,Ukraine,5,3,8,11,6,17,5,3,8,0,0,0
4059,NS Mura,,Slovenia,6,6,12,8,6,14,6,6,12,0,0,0
14178,Neman Grodno,,Belarus,6,3,9,7,3,10,6,3,9,0,0,0
6731,Tampines Rovers FC,,Singapore,2,1,3,2,1,3,2,1,3,0,0,0
6801,FK Buducnost Banovici,,Bosnia-Herzegovina,2,2,4,2,3,5,2,2,4,0,0,0
108,SV Wehen,,Germany,12,11,23,12,14,26,12,11,23,0.018193,0.230223,0.248416
5771,Levadia Tallinn,,Estonia,6,10,16,6,11,17,6,10,16,0,0.207186,0.207186
11122,Avangard Kursk,,Russia,6,8,14,6,9,15,6,8,14,0.026316,0,0.026316
3820,Mansfield Town,,England,5,9,14,6,12,18,5,9,14,0.045179,0,0.045179
34,FC Schalke 04 II,,Germany,5,4,9,5,5,10,5,4,9,0,0.028999,0.028999
22219,Jiangsu Suning,,China,13,6,19,14,6,20,13,6,19,12.092146,1.103964,13.196109
9668,AS Monaco B,,Monaco,5,5,10,6,5,11,5,5,10,0,0.130151,0.130151
22057,Arzanese Calcio,,Italy,2,3,5,3,10,13,2,3,5,0,0,0
6631,FC Tokyo,,Japan,9,7,16,9,7,16,9,7,16,0.071429,0.739779,0.811207
40181,Vanspor,,Turkey,1,4,5,1,11,12,1,4,5,0,0,0
12399,Tarsus Idman Yurdu,,Turkey,8,7,15,9,8,17,8,7,15,0,0,0
14837,Club Atlético River Plate II,,Argentina,2,2,4,2,2,4,2,2,4,0,0,0
24245,Ümraniyespor,,Turkey,7,4,11,8,4,12,7,4,11,0.014815,0,0.014815
20296,SV Stripfing,,Austria,2,0,2,4,0,4,2,0,2,0,0,0
13222,CD Mirandés,,Spain,8,6,14,12,8,20,8,6,14,0,0,0
26772,ACD Grifoponte Torgiano,,Italy,0,1,1,0,1,1,0,1,1,0,0,0
18966,AFK Atlantik Lazne Bohdanec,,Czech Republic,1,0,1,1,0,1,1,0,1,0,0,0
7964,Torpedo Zhodino,,Belarus,8,6,14,11,7,18,8,6,14,0,0,0
3998,PAS Korinthos,,Greece,6,2,8,7,4,11,6,2,8,0,0,0
9320,NK Bela Krajina,,Slovenia,3,4,7,3,4,7,3,4,7,0,0,0
10044,SV Horn,,Austria,10,8,18,11,13,24,10,8,18,0,0.006948,0.006948
48858,AO Chalkidona Near-East,,Greece,17,11,28,24,27,51,17,11,28,0.025974,0.181818,0.207792
5650,Pontevedra CF,,Spain,8,10,18,8,10,18,8,10,18,0.045582,0,0.045582
60949,Volos NPS,,Greece,5,2,7,5,2,7,5,2,7,0,0,0
2446,WSG Wattens,,Austria,7,4,11,22,22,44,7,4,11,0,0,0
6772,USM Alger,,Algeria,3,4,7,3,4,7,3,4,7,0,0.181818,0.181818
22041,AS Pescina Valle del Giovenco,,Italy,2,3,5,2,6,8,2,3,5,0,0.116279,0.116279
15080,Rayo Vallecano B,,Spain,0,2,2,0,2,2,0,2,2,0,0,0
40426,FK Tosno,,Russia,27,29,56,35,41,76,27,29,56,0,0.073653,0.073653
3326,AD Fafe,,Portugal,5,8,13,6,11,17,5,8,13,0,0,0
2922,CD Onda,,Spain,1,2,3,3,2,5,1,2,3,0,0,0
20923,Khimik Dzerzhinsk,,Russia,4,7,11,4,11,15,4,7,11,0,0,0
6351,Sangiovannese 1927,,Italy,4,5,9,5,6,11,4,5,9,0,0,0
25823,Santa Maria FC,,Portugal,1,2,3,2,2,4,1,2,3,0,0,0
3721,Alfreton Town,,England,0,3,3,0,3,3,0,3,3,0,0,0
8290,FC Marinhas,,Portugal,1,0,1,1,0,1,1,0,1,0,0,0
1017,Hapoel Tel Aviv,,Israel,19,37,56,19,45,64,19,37,56,0.090054,3.113514,3.203569
414,SV Spittal,,Austria,1,4,5,1,4,5,1,4,5,0,0,0
38322,AC Bra,,Italy,1,2,3,1,4,5,1,2,3,0,0.009901,0.009901
8819,FK Javor-Matis Ivanjica,,Serbia,6,11,17,6,13,19,6,11,17,0,0.028571,0.028571
13017,Kremin Kremenchuk,,Ukraine,3,3,6,4,10,14,3,3,6,0,0,0
46741,Elaziz Belediyespor,,Turkey,1,0,1,1,0,1,1,0,1,0,0,0
13499,Astra Giurgiu,,Romania,20,20,40,20,25,45,20,20,40,0.019802,0.152898,0.1727
3523,Barcelona SC Guayaquil,,Ecuador,6,9,15,6,9,15,6,9,15,0,0.237646,0.237646
42192,Padideh Shahr Khodro FC,,Iran,0,1,1,0,1,1,0,1,1,0,0,0
6708,VfR Garching,,Germany,1,0,1,1,0,1,1,0,1,0,0,0
3717,Aldershot Town,,England,3,6,9,3,8,11,3,6,9,0,0,0
2456,KSV Waregem,,Belgium,0,1,1,0,1,1,0,1,1,0,0.166667,0.166667
37,FK Obilic,,Serbia,6,8,14,6,8,14,6,8,14,0,0.552632,0.552632
4378,ASK Kottingbrunn,,Austria,3,1,4,4,1,5,3,1,4,0,0,0
16820,Atlético SC Reguengos,,Portugal,2,2,4,2,2,4,2,2,4,0,0,0
6097,PAE Agios Dimitrios,,Greece,2,6,8,2,6,8,2,6,8,0,0,0
30504,Atlético Venezuela,,Venezuela,0,1,1,0,1,1,0,1,1,0,0,0
6882,Woodlands Wellington,,Singapore,1,0,1,1,0,1,1,0,1,0,0,0
11487,VV Haaglandia Zondag,,Netherlands,2,0,2,3,0,3,2,0,2,0,0,0
6348,KVC Willebroek-Meerhof,,Belgium,7,1,8,8,1,9,7,1,8,0,0,0
2821,FC Lisse,,Netherlands,3,0,3,4,0,4,3,0,3,0,0,0
625,Neuchâtel Xamax,,Switzerland,17,17,34,21,18,39,17,17,34,0.199612,0.515854,0.715467
20958,Kizilcahamamspor,,Turkey,4,3,7,4,3,7,4,3,7,0,0,0
12380,Darica Genclerbirligi,,Turkey,3,7,10,5,10,15,3,7,10,0,0,0
4537,SC Xaverov,,Czech Republic,7,8,15,9,12,21,7,8,15,0,0.021739,0.021739
12631,Rio Preto Esporte Clube (SP),,Brazil,2,3,5,2,3,5,2,3,5,0,0,0
38290,Pro Piacenza 1919,,Italy,3,10,13,3,20,23,3,10,13,0,0,0
293,FSV Frankfurt,,Germany,16,19,35,18,26,44,16,19,35,0.051841,0.194838,0.246679
3697,Morecambe FC,,England,1,6,7,1,7,8,1,6,7,0,0,0
2336,RC Mechelen,,Belgium,8,3,11,9,4,13,8,3,11,0,0,0
14533,FC Schwamendingen,,Switzerland,1,1,2,1,1,2,1,1,2,0,0,0
552,HNK Segesta Sisak,,Croatia,13,16,29,22,34,56,13,16,29,0,0,0
28760,SK Austria Klagenfurt,,Austria,8,3,11,10,5,15,8,3,11,0,0.001303,0.001303
6489,Banik Ratiskovice,,Czech Republic,2,3,5,2,5,7,2,3,5,0,0,0
64680,KWS Oudenburg,,Belgium,1,0,1,1,0,1,1,0,1,0,0,0
10004,Paris FC,,France,16,17,33,19,19,38,16,17,33,0,0.042328,0.042328
6344,Bocholt VV,,Belgium,4,2,6,10,2,12,4,2,6,0,0,0
6541,SK Slavia Prague U21,,Czech Republic,9,10,19,14,13,27,9,10,19,0,0.126844,0.126844
1011,Halmstads BK,,Sweden,3,13,16,3,14,17,3,13,16,0,0.918898,0.918898
26730,Al-Mesaimeer Sports Club,,Qatar,1,2,3,1,2,3,1,2,3,0,0,0
3277,CD Universidad Católica,,Chile,10,15,25,10,19,29,10,15,25,0.053443,3.125088,3.178531
6419,FK Pskov,,Russia,2,5,7,2,8,10,2,5,7,0,0.00424,0.00424
9252,Liverpool FC U23,,England,11,6,17,11,6,17,11,6,17,0,0.699934,0.699934
1829,Instituto AC Córdoba,,Argentina,1,5,6,1,6,7,1,5,6,0,2.872264,2.872264
759,Slask Wroclaw,,Poland,10,14,24,10,15,25,10,14,24,0.045838,0.111417,0.157255
20432,Dnipro Cherkasy,,Ukraine,4,6,10,4,6,10,4,6,10,0,0,0
6248,NK Domzale,,Slovenia,14,25,39,17,27,44,14,25,39,0,1.16581,1.16581
3077,KSK Tongeren,,Belgium,5,2,7,9,4,13,5,2,7,0,0,0
5343,VfL Wolfsburg U19,,Germany,0,3,3,0,3,3,0,3,3,0,0.034653,0.034653
9547,ADO '20 Heemskerk,,Netherlands,3,1,4,4,1,5,3,1,4,0,0,0
9415,APS Zakynthos,,Greece,9,9,18,9,16,25,9,9,18,0,0,0
25009,ASD Sanluri Calcio,,Italy,1,0,1,1,0,1,1,0,1,0,0,0
25745,Needham Market FC,,England,1,0,1,1,0,1,1,0,1,0,0,0
3282,MAS Fes,,Morocco,2,2,4,2,2,4,2,2,4,0,0.065217,0.065217
10668,NK Cakovec,,Croatia,4,4,8,9,10,19,4,4,8,0,0,0
494,Sporting Toulon Var,,France,6,6,12,6,6,12,6,6,12,0,0,0
389,Hamburger SV II,,Germany,4,6,10,4,7,11,4,6,10,0,0.011628,0.011628
4608,GAS Ialysos 1948,,Greece,5,2,7,5,2,7,5,2,7,0,0,0
93,SC Verl,,Germany,3,2,5,3,2,5,3,2,5,0,0.026667,0.026667
2777,Cementarnica Skopje,,North Macedonia,1,2,3,1,2,3,1,2,3,0,0,0
6628,Legia Warsaw II,,Poland,1,1,2,1,1,2,1,1,2,0,0,0
8563,Naftan Novopolotsk,,Belarus,2,4,6,2,6,8,2,4,6,0,0.083751,0.083751
6387,SC Valenciano,,Portugal,2,1,3,2,1,3,2,1,3,0,0,0
1749,KFC Verbroedering Geel,,Belgium,13,15,28,26,20,46,13,15,28,0,0.075,0.075
1198,Lincoln City,,England,4,11,15,5,17,22,4,11,15,0,0.059326,0.059326
29757,Vipers SC,,Uganda,1,1,2,1,1,2,1,1,2,0,0.038095,0.038095
6297,Al Gharafa Sports Club,,Qatar,10,7,17,13,7,20,10,7,17,2.818959,0,2.818959
10408,Thyella Patron,,Greece,3,2,5,3,3,6,3,2,5,0,0.007849,0.007849
2364,First Vienna FC,,Austria,14,6,20,22,11,33,14,6,20,0,0,0
11998,Atalanta Primavera,,Italy,1,3,4,1,3,4,1,3,4,0,0.376319,0.376319
7732,Al-Ettifaq,,Saudi Arabia,7,4,11,7,5,12,7,4,11,0.028571,0,0.028571
1008,HJK Helsinki,,Finland,13,17,30,13,18,31,13,17,30,0,1.002755,1.002755
895,AS Cannes,,France,20,24,44,30,30,60,20,24,44,0,0.187073,0.187073
3728,UR Namur,,Belgium,9,4,13,11,9,20,9,4,13,0,0.07578,0.07578
33549,Wolfsberger AC II,,Austria,2,1,3,2,1,3,2,1,3,0,0,0
30444,Vendée Luçon Football,,France,3,3,6,3,5,8,3,3,6,0,0,0
13366,JS Kabylie,,Algeria,4,2,6,4,2,6,4,2,6,0,0,0
12765,LOSC Lille B,,France,1,8,9,7,10,17,1,8,9,0,0,0
1101,IF Elfsborg,,Sweden,8,13,21,8,16,24,8,13,21,0.109098,3.14016,3.249257
559,FV Speyer,,Germany,0,1,1,0,1,1,0,1,1,0,0,0
4658,Milicionar Belgrad,,Serbia,2,1,3,2,1,3,2,1,3,0,0,0
46196,AC Mestre,,Italy,2,2,4,2,2,4,2,2,4,0,0,0
10240,Jeanne d'Arc FC Bamako,,Mali,0,1,1,0,1,1,0,1,1,0,0,0
23302,Dalkurd FF,,Sweden,3,1,4,3,1,4,3,1,4,0,0.133203,0.133203
1076,Esteghlal FC,,Iran,5,5,10,6,9,15,5,5,10,0.166667,0.041975,0.208642
6464,AS Pardubice,,Czech Republic,6,10,16,7,14,21,6,10,16,0,0.186667,0.186667
3304,SV Straßwalchen,,Austria,1,1,2,1,1,2,1,1,2,0,0.003551,0.003551
9058,KSV Baunatal U19,,Germany,1,1,2,1,1,2,1,1,2,0,0,0
17250,Beijing Renhe,,China,9,5,14,11,5,16,9,5,14,1.586274,0,1.586274
1804,Deportivo Toluca,,Mexico,5,5,10,5,5,10,5,5,10,0.579409,0.492528,1.071937
1218,Torquay United FC,,England,5,11,16,5,15,20,5,11,16,0,0.019355,0.019355
1263,SC Weyhe,,Germany,1,0,1,1,0,1,1,0,1,0,0,0
2996,Incheon United FC,,"Korea, South",6,1,7,7,1,8,6,1,7,0.004938,0,0.004938
7681,FC Ingolstadt 04 II,,Germany,0,1,1,0,1,1,0,1,1,0,0,0
41784,KVK Ieper,,Belgium,1,1,2,1,2,3,1,1,2,0,0,0
10473,SK Londerzeel,,Belgium,4,1,5,5,1,6,4,1,5,0,0,0
48332,Kolos Kovalivka,,Ukraine,7,1,8,8,1,9,7,1,8,0,0,0
31284,Club Atlético Central Córdoba (SdE),,Argentina,1,0,1,1,0,1,1,0,1,0,0,0
3811,Liepajas Metalurgs,,Latvia,8,4,12,8,4,12,8,4,12,0,0.071429,0.071429
952,UTA Arad,,Romania,9,4,13,11,4,15,9,4,13,0.049107,0,0.049107
3850,Ekranas Panevezys,,Lithuania,3,4,7,3,5,8,3,4,7,0,0.271491,0.271491
4341,AC Savoia 1908,,Italy,4,5,9,7,6,13,4,5,9,0,0,0
9687,Sodovik Sterlitamak,,Russia,5,2,7,6,2,8,5,2,7,0,0,0
22183,SC Wieselburg,,Austria,1,0,1,1,0,1,1,0,1,0,0,0
7210,GD Joane,,Portugal,1,2,3,1,2,3,1,2,3,0,0,0
13390,NK Sokadija Stari Mikanovci,,Croatia,1,1,2,1,1,2,1,1,2,0,0,0
76,Vålerenga Fotball,,Norway,13,18,31,13,19,32,13,18,31,0.261291,2.568446,2.829737
7053,AO Manis,,Greece,1,0,1,1,0,1,1,0,1,0,0,0
8689,DWS Amsterdam,,Netherlands,0,1,1,0,1,1,0,1,1,0,0,0
12045,Dinamo Stavropol,,Russia,3,3,6,3,4,7,3,3,6,0,0,0
28107,KFC Oosterzonen,,Belgium,3,1,4,4,1,5,3,1,4,0,0,0
2646,Clube Náutico Capibaribe,,Brazil,10,23,33,10,26,36,10,23,33,0,0.280181,0.280181
66510,VfV Hildesheim,,Germany,1,0,1,1,0,1,1,0,1,0,0,0
6805,NK Zepce,,Bosnia-Herzegovina,2,2,4,2,2,4,2,2,4,0,0.013158,0.013158
3568,NA Hussein Dey,,Algeria,0,3,3,0,3,3,0,3,3,0,0.078947,0.078947
12020,Harrogate Town,,England,0,2,2,0,2,2,0,2,2,0,0,0
3803,Mérida UD,,Spain,4,7,11,4,7,11,4,7,11,0.164589,0,0.164589
10155,San Marino Calcio,,Italy,6,12,18,8,19,27,6,12,18,0,0.078947,0.078947
13938,Al-Oruba Sur,,Oman,1,0,1,1,0,1,1,0,1,0,0,0
2729,Club Cienciano,,Peru,6,2,8,6,3,9,6,2,8,0,0.144737,0.144737
588,FK Dinamo Tirana,,Albania,8,7,15,10,9,19,8,7,15,0.025974,0.266947,0.292921
16214,Al-Wasl Sports Club,,United Arab Emirates,3,8,11,3,10,13,3,8,11,0.042189,0.263158,0.305347
77,Vardar Skopje,,North Macedonia,11,19,30,12,23,35,11,19,30,0,0.023256,0.023256
5138,Tiburones Rojos de Veracruz,,Mexico,6,4,10,6,4,10,6,4,10,0,0.490855,0.490855
9079,Ashanti Gold SC,,Ghana,1,3,4,1,3,4,1,3,4,0,0,0
6579,AFC Sudbury,,England,1,0,1,1,0,1,1,0,1,0,0,0
2278,SpVgg SV Weiden,,Germany,1,1,2,1,1,2,1,1,2,0,0,0
36368,Tudu Mighty Jets,,Ghana,2,1,3,2,1,3,2,1,3,0,0,0
6803,FK Modrica Maxima,,Bosnia-Herzegovina,0,4,4,0,4,4,0,4,4,0,0.022791,0.022791
65745,FK Kosor,,Czech Republic,1,0,1,1,0,1,1,0,1,0,0,0
10542,FC Madalena,,Portugal,0,1,1,0,3,3,0,1,1,0,0,0
2863,América Futebol Clube (MG),,Brazil,2,10,12,4,13,17,2,10,12,0,0.375513,0.375513
8372,Zaglebie Lubin II,,Poland,0,1,1,0,1,1,0,1,1,0,0.024752,0.024752
1403,Santos Laguna,,Mexico,6,1,7,6,1,7,6,1,7,0.792888,0.518519,1.311407
21839,Colorado Atletico Clube (PR),,Brazil,0,1,1,0,1,1,0,1,1,0,0,0
12682,CS Otopeni,,Romania,2,4,6,2,4,6,2,4,6,0.093023,0,0.093023
8701,Alki Larnaca,,Cyprus,15,6,21,15,6,21,15,6,21,0,0,0
8397,Makedonija Gjorce Petrov,,North Macedonia,2,3,5,2,3,5,2,3,5,0,0,0
4529,DAC Dunajska Streda,,Slovakia,21,17,38,27,19,46,21,17,38,0.014815,0,0.014815
30612,US Saint-Malo,,France,2,0,2,2,0,2,2,0,2,0,0,0
34347,FC Castiglione,,Italy,2,2,4,2,3,5,2,2,4,0,0,0
4167,USD 1913 Seregno Calcio,,Italy,3,1,4,3,1,4,3,1,4,0,0,0
97,SG Wattenscheid 09,,Germany,6,3,9,6,3,9,6,3,9,0,0.709051,0.709051
26091,Al Duhail Sports Club,,Qatar,12,2,14,13,2,15,12,2,14,7.067646,0,7.067646
2471,ASKÖ Donau Linz,,Austria,2,1,3,3,1,4,2,1,3,0,0,0
21459,Gangwon FC,,"Korea, South",2,2,4,3,2,5,2,2,4,0.065827,0,0.065827
41098,Sport Boys Warnes,,Bolivia,1,1,2,1,1,2,1,1,2,0,0,0
10441,TSV Bogen,,Germany,1,0,1,1,0,1,1,0,1,0,0,0
986,Cambridge United,,England,10,14,24,11,20,31,10,14,24,0.006452,0.474531,0.480982
6088,HNK Orasje,,Bosnia-Herzegovina,4,6,10,4,9,13,4,6,10,0,0,0
3456,Gateshead FC,,England,3,4,7,4,11,15,3,4,7,0,0,0
7197,Potenza Calcio,,Italy,7,8,15,7,9,16,7,8,15,0,0,0
49430,AZ Picerno,,Italy,1,0,1,1,0,1,1,0,1,0,0,0
5972,Rudar Pljevlja,,Montenegro,0,5,5,0,5,5,0,5,5,0,0,0
4907,Madureira Esporte Clube (RJ),,Brazil,4,9,13,4,11,15,4,9,13,0,0.210526,0.210526
388,Tadamon Sour,,Lebanon,2,1,3,2,1,3,2,1,3,0,0,0
11593,CA River Ebro,,Spain,0,1,1,0,1,1,0,1,1,0,0,0
7030,Vis Pesaro dal 1898,,Italy,4,5,9,4,6,10,4,5,9,0,0,0
45012,KVV Vosselaar,,Belgium,1,0,1,1,0,1,1,0,1,0,0,0
10167,Al Emirates,,United Arab Emirates,0,1,1,0,1,1,0,1,1,0,0,0
9267,West Ham United U23,,England,2,3,5,2,3,5,2,3,5,0,0,0
310,HNK Suhopolje,,Croatia,6,4,10,7,8,15,6,4,10,0,0,0
2553,Kilmarnock FC,,Scotland,11,20,31,11,25,36,11,20,31,0,0.275088,0.275088
15037,Clube Atlético Mineiro U20,,Brazil,0,1,1,0,1,1,0,1,1,0,0.116279,0.116279
31787,Kepez Belediyespor,,Turkey,0,1,1,0,4,4,0,1,1,0,0,0
370,Aberdeen FC,,Scotland,11,19,30,12,21,33,11,19,30,0.013158,0.605472,0.61863
15083,Sport Club Internacional U20,,Brazil,0,2,2,0,3,3,0,2,2,0,0.166667,0.166667
8687,Ceahlaul Piatra Neamt,,Romania,6,1,7,6,1,7,6,1,7,0.059429,0,0.059429
39805,Tuzlaspor,,Turkey,3,4,7,3,5,8,3,4,7,0,0,0
45,Hertha BSC II,,Germany,1,6,7,1,6,7,1,6,7,0,0.021277,0.021277
7465,Vitesse Arnhem U19,,Netherlands,1,2,3,1,2,3,1,2,3,0,0,0
13288,PFK Naftex Burgas,,Bulgaria,1,2,3,1,2,3,1,2,3,0,0,0
4772,NK Olimpija Ljubljana,,Slovenia,17,24,41,19,26,45,17,24,41,0.032101,1.750784,1.782885
2589,SG Sonnenhof Großaspach,,Germany,3,2,5,3,2,5,3,2,5,0,0,0
6474,FK Kunovice,,Czech Republic,3,4,7,6,4,10,3,4,7,0,0,0
739,KS Besa Kavajë,,Albania,3,4,7,4,5,9,3,4,7,0,0.136745,0.136745
12068,Vityaz Podolsk,,Russia,7,5,12,12,6,18,7,5,12,0,0,0
17819,UFC St. Peter/Au,,Austria,2,1,3,2,1,3,2,1,3,0,0,0
9642,NK Metalac Osijek,,Croatia,1,3,4,3,11,14,1,3,4,0,0,0
9084,Neuchâtel Xamax FCS,,Switzerland,1,0,1,1,0,1,1,0,1,0,0,0
11391,Auckland City FC,,New Zealand,4,1,5,4,1,5,4,1,5,0,0,0
31097,Khimik Krasnoperekopsk,,Ukraine,0,1,1,0,3,3,0,1,1,0,0,0
30347,HNK Krka Lozovac,,Croatia,1,1,2,1,6,7,1,1,2,0,0,0
11035,NK Omis,,Croatia,4,3,7,6,6,12,4,3,7,0,0,0
6985,Club Deportivo Oriente Petrolero,,Bolivia,3,3,6,4,3,7,3,3,6,0,0,0
973,1.FC Kleve,,Germany,2,1,3,3,1,4,2,1,3,0,0,0
22717,Poços de Caldas Futebol Clube (MG),,Brazil,1,1,2,1,1,2,1,1,2,0,0,0
14107,Persija Jakarta,,Indonesia,1,2,3,1,2,3,1,2,3,0,0,0
6986,CD Pinhalnovense,,Portugal,6,7,13,9,12,21,6,7,13,0,0,0
19718,Melbourne Victory U21,,Australia,0,1,1,0,1,1,0,1,1,0,0,0
20519,Virtus Entella,,Italy,11,19,30,11,27,38,11,19,30,0.066138,0,0.066138
18642,Polisportiva Nuova Campobasso Calcio,,Italy,4,4,8,6,8,14,4,4,8,0,0,0
33593,Lleida Esportiu,,Spain,1,3,4,1,3,4,1,3,4,0,0,0
4104,FC Esperia Viareggio,,Italy,6,15,21,8,31,39,6,15,21,0,0,0
32755,Ethnikos Gazoros,,Greece,3,2,5,4,2,6,3,2,5,0,0,0
11044,FK Indjija,,Serbia,4,5,9,4,5,9,4,5,9,0,0.035714,0.035714
7294,VV WKE Emmen,,Netherlands,2,0,2,2,0,2,2,0,2,0,0,0
3176,Beijing Guoan,,China,14,11,25,14,11,25,14,11,25,5.953751,0.843331,6.797083
61049,Doxa Neou Sidirochoriou,,Greece,1,0,1,1,0,1,1,0,1,0,0,0
11195,NK Zagorec,,Croatia,4,1,5,4,3,7,4,1,5,0,0,0
2919,Calcio Monza,,Italy,9,20,29,19,61,80,9,20,29,0,0.505505,0.505505
10501,MKT Araz Imishli,,Azerbaijan,3,1,4,3,1,4,3,1,4,0,0,0
41146,Clodiense SSD,,Italy,1,1,2,1,1,2,1,1,2,0,0,0
5069,Plateau United FC,,Nigeria,0,4,4,0,4,4,0,4,4,0,0,0
38561,Correggese Calcio 1948,,Italy,3,3,6,5,4,9,3,3,6,0,0,0
7445,SC Ritzing,,Austria,6,2,8,13,2,15,6,2,8,0.002297,0,0.002297
4096,AP Turris Calcio,,Italy,1,2,3,1,3,4,1,2,3,0,0,0
96,SV Wilhelmshaven,,Germany,1,0,1,1,0,1,1,0,1,0,0,0
2118,Wisla Plock,,Poland,9,8,17,10,8,18,9,8,17,0.006757,0.70543,0.712187
5240,Nasara FC,,Nigeria,1,1,2,1,1,2,1,1,2,0,0,0
53646,Polissya Zhytomyr 2016,,Ukraine,3,1,4,4,3,7,3,1,4,0,0,0
33328,FK Radnik Surdulica,,Serbia,1,4,5,1,5,6,1,4,5,0,0.019048,0.019048
2478,KRC Harelbeke,,Belgium,14,18,32,15,21,36,14,18,32,0,0.033333,0.033333
29994,Gallia Club Lunel,,France,2,0,2,2,0,2,2,0,2,0,0,0
20103,SC St. Pantaleon/Erla,,Austria,1,0,1,1,0,1,1,0,1,0,0,0
11095,Ispartaspor,,Turkey,1,3,4,1,4,5,1,3,4,0,0,0
12464,NK Virovitica,,Croatia,2,2,4,2,2,4,2,2,4,0,0,0
2715,RFC Seraing,,Belgium,4,5,9,4,14,18,4,5,9,0,0,0
4531,1.FC Tatran Presov,,Slovakia,14,15,29,16,17,33,14,15,29,0.026596,0.026596,0.053191
11404,NK Slavonija Pozega,,Croatia,3,1,4,4,1,5,3,1,4,0,0,0
175,FK Lyn,,Norway,3,7,10,3,8,11,3,7,10,0.048444,5.183602,5.232045
49364,FK Inhulets Petrove,,Ukraine,3,4,7,7,4,11,3,4,7,0,0,0
3705,Algeciras CF,,Spain,5,3,8,5,3,8,5,3,8,0,0,0
602,Zalgiris Vilnius,,Lithuania,14,9,23,15,9,24,14,9,23,0,0.00553,0.00553
11023,NK Vrapce,,Croatia,9,4,13,12,11,23,9,4,13,0,0,0
39337,Derby County U21,,England,2,0,2,2,0,2,2,0,2,0,0,0
22221,NK Croatia Grabrovnica,,Croatia,2,1,3,2,1,3,2,1,3,0,0,0
12351,CD Linares,,Spain,2,0,2,2,0,2,2,0,2,0,0,0
2891,SuperSport United,,South Africa,7,3,10,9,4,13,7,3,10,0,0.384829,0.384829
2051,FC Kickers Luzern,,Switzerland,0,1,1,0,1,1,0,1,1,0,0,0
3258,Shamrock Rovers,,Ireland,3,3,6,3,3,6,3,3,6,0,0.067878,0.067878
45321,FC Goa,,India,2,2,4,2,2,4,2,2,4,0,0,0
17522,CD Árabe Unido,,Panama,2,1,3,3,1,4,2,1,3,0,0,0
19080,Americano Futebol Clube (RJ),,Brazil,1,2,3,1,2,3,1,2,3,0,0.025974,0.025974
11006,NK Interblock Ljubljana,,Slovenia,3,5,8,3,5,8,3,5,8,0,0,0
541,SC Austria Lustenau,,Austria,15,17,32,24,34,58,15,17,32,0,0.070135,0.070135
151,1.FC Kaiserslautern II,,Germany,2,3,5,2,3,5,2,3,5,0,0,0
3208,Alibeyköyspor,,Turkey,2,3,5,3,4,7,2,3,5,0,0,0
43560,Club Brugge U21,,Belgium,3,7,10,3,9,12,3,7,10,0,0,0
11143,Bishop's Stortford FC,,England,0,3,3,0,3,3,0,3,3,0,0,0
23097,NK Zelina,,Croatia,6,8,14,13,12,25,6,8,14,0,0,0
10231,VG Oostende,,Belgium,3,0,3,4,0,4,3,0,3,0,0,0
1840,ASC Jeanne d'Arc Dakar,,Senegal,2,7,9,2,7,9,2,7,9,0,0.007131,0.007131
36948,Arsenal Kiew U17,,Ukraine,0,1,1,0,1,1,0,1,1,0,0,0
12043,Dinamo Barnaul,,Russia,2,1,3,2,1,3,2,1,3,0,0,0
9030,Botafogo Futebol Clube (SP),,Brazil,4,3,7,4,3,7,4,3,7,0,0,0
11137,Red Star Belgrade U19,,Serbia,0,4,4,0,4,4,0,4,4,0,0.049505,0.049505
3501,BSV Sebnitz,,Germany,1,0,1,1,0,1,1,0,1,0.017193,0,0.017193
4573,Amasyaspor,,Turkey,1,2,3,2,2,4,1,2,3,0,0,0
3274,AD Ovarense,,Portugal,10,10,20,11,11,22,10,10,20,0,0,0
723,Almere City FC,,Netherlands,19,19,38,27,28,55,19,19,38,0,0.119132,0.119132
5192,FC Gratkorn,,Austria,5,9,14,11,11,22,5,9,14,0,0,0
4389,BNZ Tirol U19,,Austria,0,1,1,0,7,7,0,1,1,0,0,0
17276,Hangzhou Greentown,,China,3,3,6,3,3,6,3,3,6,0.092917,0,0.092917
5739,Shooting Stars Sports Club,,Nigeria,1,4,5,1,4,5,1,4,5,0,0,0
6425,Sportul Studentesc,,Romania,1,0,1,1,0,1,1,0,1,0,0,0
55093,Sporting Recco,,Italy,1,0,1,1,0,1,1,0,1,0,0,0
35124,Sunkar Kaskelen,,Kazakhstan,1,0,1,1,0,1,1,0,1,0,0,0
4673,Arsenal Fútbol Club,,Argentina,7,16,23,7,19,26,7,16,23,0,3.808598,3.808598
12151,FK Laktasi,,Bosnia-Herzegovina,3,0,3,3,0,3,3,0,3,0,0,0
25780,CFR Craiova,,Romania,0,1,1,0,1,1,0,1,1,0,0,0
13436,RSD Alcalá,,Spain,2,0,2,2,0,2,2,0,2,0,0,0
9372,FC Toulouse U19,,France,0,1,1,0,1,1,0,1,1,0,0,0
12718,Darida Minskiy Rayon,,Belarus,2,3,5,2,4,6,2,3,5,0,0,0
13290,Odder IGF,,Denmark,1,0,1,1,0,1,1,0,1,0,0,0
107,Kickers Offenbach,,Germany,11,13,24,11,15,26,11,13,24,0.048694,0.122061,0.170755
37975,Sivas Belediyespor,,Turkey,2,4,6,2,11,13,2,4,6,0,0,0
2751,Gölcükspor,,Turkey,2,2,4,2,3,5,2,2,4,0,0,0
34479,FC Sapins,,Gabon,0,1,1,0,1,1,0,1,1,0,0,0
57989,SK Spartak Pribram,,Czech Republic,2,0,2,2,0,2,2,0,2,0,0,0
25558,Esporte Clube Primavera (SP),,Brazil,1,1,2,1,1,2,1,1,2,0,0,0
7124,US Quevilly-Rouen Métropole,,France,5,9,14,5,11,16,5,9,14,0,0,0
11502,Galatasaray SK U21,,Turkey,7,8,15,7,9,16,7,8,15,0,0.103473,0.103473
10031,Nuorese Calcio,,Italy,1,5,6,1,6,7,1,5,6,0,0,0
9899,Real Sociedad B,,Spain,1,2,3,2,3,5,1,2,3,0,0,0
2972,FC Bourg-Péronnas,,France,4,6,10,4,9,13,4,6,10,0,0.118883,0.118883
27078,Kirikhanspor,,Turkey,2,2,4,2,2,4,2,2,4,0,0,0
91,Preußen Münster,,Germany,8,9,17,9,10,19,8,9,17,0.02381,0.033333,0.057143
12602,Clube Recreativo e Atlético Catalano (GO),,Brazil,2,2,4,2,2,4,2,2,4,0,0,0
6355,Makhota United,,Brunei Darussalam,1,0,1,1,0,1,1,0,1,0,0,0
7160,Eyüpspor,,Turkey,13,9,22,20,13,33,13,9,22,0.011395,0.029172,0.040567
18950,FC Matera,,Italy,4,12,16,5,18,23,4,12,16,0,0,0
22294,US Viterbese,,Italy,10,10,20,12,19,31,10,10,20,0,0,0
8429,KRC Waregem,,Belgium,4,2,6,6,3,9,4,2,6,0,0,0
16594,FK Nizhniy Novgorod,,Russia,6,7,13,8,21,29,6,7,13,0,0,0
2409,NK Marsonia Slavonski Brod,,Croatia,7,5,12,11,8,19,7,5,12,0.108333,0,0.108333
12212,SK St. Andrä,,Austria,2,0,2,2,0,2,2,0,2,0,0,0
581,Club Sportif Sfaxien,,Tunisia,3,8,11,4,9,13,3,8,11,0,0.852114,0.852114
32125,Mosta FC,,Malta,3,5,8,3,8,11,3,5,8,0,0,0
20298,Almere City FC U21,,Netherlands,3,0,3,3,0,3,3,0,3,0,0,0
8984,Sandecja Nowy Sacz,,Poland,4,1,5,5,1,6,4,1,5,0,0,0
13613,Sharjah Cultural Sports Club,,United Arab Emirates,7,3,10,8,4,12,7,3,10,0.321523,0.813953,1.135476
16379,Donawitzer SV Leoben Jugend,,Austria,0,1,1,0,1,1,0,1,1,0,0,0
10217,Sarpsborg 08 FF,,Norway,4,5,9,4,5,9,4,5,9,0,0.207829,0.207829
465,St. Mirren FC,,Scotland,3,10,13,3,13,16,3,10,13,0,0,0
730,Lokomotiv Sofia,,Bulgaria,11,9,20,11,10,21,11,9,20,0.063459,0.991228,1.054687
9713,Miami FC,,United States,4,1,5,4,1,5,4,1,5,0,0,0
1442,Rio Claro Futebol Clube (SP),,Brazil,3,6,9,4,7,11,3,6,9,0,0,0
2253,SEF Torres 1903,,Italy,7,15,22,9,23,32,7,15,22,0,0,0
12292,Indios de Ciudad Juárez,,Mexico,3,1,4,3,1,4,3,1,4,0,0.161943,0.161943
45604,Orlando City SC,,United States,5,2,7,7,2,9,5,2,7,0.018097,0.083373,0.10147
6726,BEC Tero Sasana,,Thailand,3,2,5,3,2,5,3,2,5,0,0,0
2675,Proodeftiki Neolea,,Greece,24,22,46,35,45,80,24,22,46,0.013333,0.219641,0.232975
78,VfB Lübeck,,Germany,9,3,12,13,5,18,9,3,12,0,0.083743,0.083743
4254,ASD Real Giulianova,,Italy,5,12,17,5,14,19,5,12,17,0,0,0
3958,Vissel Kobe,,Japan,12,8,20,13,8,21,12,8,20,1.877102,0.465116,2.342219
5670,RFCU Kelmis,,Belgium,2,2,4,2,2,4,2,2,4,0,0,0
11750,Rubin Kazan II,,Russia,8,5,13,9,5,14,8,5,13,0,0,0
11177,Fleetwood Town,,England,4,9,13,6,11,17,4,9,13,0.020507,0,0.020507
30031,Génération Foot,,Senegal,0,1,1,0,3,3,0,1,1,0,0,0
16032,Consadole Sapporo,,Japan,0,2,2,0,2,2,0,2,2,0,0,0
8344,Albirex Niigata,,Japan,2,4,6,2,4,6,2,4,6,0,0.241356,0.241356
24366,Feyenoord U21,,Netherlands,4,9,13,4,13,17,4,9,13,0,0.204659,0.204659
22562,NK Udarnik Kurilovec,,Croatia,1,2,3,8,3,11,1,2,3,0,0,0
2502,CD Castellón,,Spain,13,6,19,15,7,22,13,6,19,0,0.154446,0.154446
15889,Gold Coast United,,Australia,4,2,6,5,2,7,4,2,6,0,0,0
11933,Adiyamanspor,,Turkey,6,7,13,8,9,17,6,7,13,0,0,0
31501,Canoas Sport Club (RS),,Brazil,1,2,3,1,2,3,1,2,3,0,0,0
7986,TSV Mühlenfeld,,Germany,1,0,1,1,0,1,1,0,1,0,0,0
27514,AS Castel Rigone,,Italy,2,1,3,2,1,3,2,1,3,0,0,0
13603,Heart of Lions Kpando,,Ghana,1,1,2,1,1,2,1,1,2,0,0,0
27241,Spartak Ivano-Frankivsk,,Ukraine,3,5,8,6,5,11,3,5,8,0,0,0
2225,AS Vita Club Kinshasa,,DR Congo,2,0,2,2,0,2,2,0,2,0,0,0
1216,FC Ismaning,,Germany,1,1,2,1,1,2,1,1,2,0,0,0
9767,Santa Barbara Gauchos (Uni. of CAL Santa Barbara),,United States,0,2,2,0,2,2,0,2,2,0,0,0
4400,FC Kärnten II,,Austria,0,1,1,0,2,2,0,1,1,0,0,0
5707,FC Barreirense,,Portugal,5,10,15,6,12,18,5,10,15,0,0,0
18720,Rangers de Talca,,Chile,6,4,10,7,4,11,6,4,10,0,0.183555,0.183555
24389,FK Tachov,,Czech Republic,1,1,2,1,2,3,1,1,2,0,0,0
19004,HFK Trebic,,Czech Republic,1,4,5,1,8,9,1,4,5,0,0,0
6441,Zhemchuzhina Sochi,,Russia,8,7,15,10,9,19,8,7,15,0.119658,0,0.119658
5222,USC Paredes,,Portugal,1,1,2,1,3,4,1,1,2,0,0,0
1736,1. FC Karlovy Vary,,Czech Republic,2,5,7,3,8,11,2,5,7,0,0,0
35272,Shijiazhuang Yongchang,,China,5,1,6,5,1,6,5,1,6,0.500725,0,0.500725
8824,Sheffield United U23,,England,0,1,1,0,1,1,0,1,1,0,0,0
7169,AC Carpenedolo,,Italy,3,4,7,4,10,14,3,4,7,0.006812,0,0.006812
4671,Asdc Verbania,,Italy,1,0,1,1,0,1,1,0,1,0,0,0
35119,AC Alcanenense,,Portugal,1,2,3,1,3,4,1,2,3,0,0,0
3654,Kalmar FF,,Sweden,9,12,21,9,17,26,9,12,21,0,2.649617,2.649617
113,FC Carl Zeiss Jena,,Germany,20,9,29,21,13,34,20,9,29,0.094645,0.301396,0.39604
12518,Metalurh Zaporizhya II,,Ukraine,2,5,7,2,5,7,2,5,7,0,0,0
6478,LD Alajuelense,,Costa Rica,6,6,12,6,8,14,6,6,12,0,0.051282,0.051282
1066,Nagoya Grampus,,Japan,5,5,10,6,7,13,5,5,10,0.065197,0.081036,0.146233
9005,Willem II Tilburg U21,,Netherlands,1,2,3,1,2,3,1,2,3,0,0,0
24920,FK Shamkir,,Azerbaijan,2,0,2,2,0,2,2,0,2,0,0,0
8007,HNSK Moslavina,,Croatia,6,3,9,7,3,10,6,3,9,0,0,0
16650,ASA Tirgu Mures,,Romania,6,2,8,6,2,8,6,2,8,0,0,0
4536,CS Chênois,,Switzerland,1,0,1,1,0,1,1,0,1,0,0,0
3243,KamAZ Naberezhnye Chelny,,Russia,12,15,27,19,23,42,12,15,27,0,0.527587,0.527587
35782,TJ Sokol Ovcary,,Czech Republic,3,2,5,3,2,5,3,2,5,0,0,0
10838,SAS Epinal,,France,2,7,9,2,10,12,2,7,9,0,0,0
43293,SV Zulte Waregem II,,Belgium,2,1,3,2,1,3,2,1,3,0,0,0
3318,Racing Club de France football Colombes 92,,France,5,8,13,5,9,14,5,8,13,0,0.01193,0.01193
58455,FC Shevardeni 1906,,Georgia,1,0,1,2,0,2,1,0,1,0,0,0
9851,Iskenderun Demir Celikspor,,Turkey,6,6,12,6,6,12,6,6,12,0,0,0
5227,Atlético CP,,Portugal,7,15,22,9,33,42,7,15,22,0,0,0
10301,FC Pyunik Erewan,,Armenia,8,6,14,9,11,20,8,6,14,0,0.215805,0.215805
3900,FK Borac Banja Luka,,Bosnia-Herzegovina,6,7,13,6,8,14,6,7,13,0,0.074015,0.074015
54362,ASKÖ Oedt II,,Austria,0,1,1,0,1,1,0,1,1,0,0,0
10787,CS Marítimo B,,Portugal,7,2,9,10,2,12,7,2,9,0,0,0
88,Widzew Lodz,,Poland,9,15,24,9,15,24,9,15,24,0,0.264004,0.264004
11110,Ünyespor,,Turkey,4,6,10,5,10,15,4,6,10,0,0,0
26765,Wexford FC,,Ireland,1,0,1,1,0,1,1,0,1,0,0,0
3696,Dagenham & Redbridge FC,,England,4,6,10,4,10,14,4,6,10,0,0,0
11032,HNK Hajduk Split U19,,Croatia,1,4,5,1,8,9,1,4,5,0,0,0
15587,PEC Zwolle U19,,Netherlands,0,1,1,0,1,1,0,1,1,0,0,0
473,1.FC Nuremberg II,,Germany,2,7,9,2,7,9,2,7,9,0,0,0
7085,SV Pachern,,Austria,1,0,1,1,0,1,1,0,1,0,0,0
8590,Atlas Guadalajara,,Mexico,11,6,17,14,8,22,11,6,17,0.067568,3.207464,3.275031
44559,FC Viktoria Otrokovice,,Czech Republic,1,2,3,1,3,4,1,2,3,0,0,0
26781,Gubbio Berretti,,Italy,0,1,1,0,1,1,0,1,1,0,0,0
3832,Fram Reykjavík,,Iceland,2,1,3,2,1,3,2,1,3,0,0,0
18862,Sport Club São Paulo (RS),,Brazil,2,2,4,2,2,4,2,2,4,0,0,0
16198,FK Atyrau,,Kazakhstan,9,4,13,12,4,16,9,4,13,0,0,0
1826,Quilmes Atlético Club,,Argentina,5,8,13,6,8,14,5,8,13,0,0.727245,0.727245
29962,Iraklis Psachna,,Greece,6,9,15,7,11,18,6,9,15,0,0,0
14064,Kuzbass Kemerovo,,Russia,1,1,2,1,1,2,1,1,2,0,0,0
13477,NK Visnjevac,,Croatia,2,3,5,5,12,17,2,3,5,0,0,0
12717,Club Athlétique Bizertin,,Tunisia,1,1,2,1,1,2,1,1,2,0,0.095238,0.095238
10409,AO Koropi,,Greece,1,5,6,2,16,18,1,5,6,0,0,0
3364,EC Democrata (MG),,Brazil,0,1,1,0,1,1,0,1,1,0,0,0
269,Holstein Kiel,,Germany,11,4,15,12,4,16,11,4,15,0,0,0
5662,Puebla FC,,Mexico,3,4,7,3,5,8,3,4,7,0,0,0
4652,Denizli Büyüksehir Belediyespor,,Turkey,2,4,6,3,18,21,2,4,6,0,0,0
1564,FC Rouen 1899,,France,11,9,20,14,11,25,11,9,20,0,0.038961,0.038961
8304,Città di Gela,,Italy,4,7,11,5,8,13,4,7,11,0,0,0
12456,SV Türkgücü-Ataspor München,,Germany,1,0,1,1,0,1,1,0,1,0,0,0
16179,Asociación Atlética Argentinos Juniors II,,Argentina,1,0,1,1,0,1,1,0,1,0,0,0
18894,HNK Hajduk Split II,,Croatia,2,6,8,2,6,8,2,6,8,0,0,0
7809,FC Chomutov,,Czech Republic,3,3,6,5,15,20,3,3,6,0,0,0
1060,Colchester United,,England,13,20,33,22,36,58,13,20,33,0.210586,1.677295,1.887881
27824,FC Klaipeda,,Lithuania,1,1,2,1,1,2,1,1,2,0,0,0
789,NK Rudar Velenje,,Slovenia,8,14,22,10,15,25,8,14,22,0,0.574727,0.574727
43388,ASD Genova Calcio,,Italy,2,0,2,2,0,2,2,0,2,0,0,0
4309,Hamarkameratene,,Norway,7,2,9,7,2,9,7,2,9,0,0,0
22364,FK Belgrad,,Serbia,0,1,1,0,1,1,0,1,1,0,0,0
11751,Saturn Ramenskoe II,,Russia,5,5,10,6,5,11,5,5,10,0.105263,0,0.105263
1195,Kidderminster Harriers,,England,4,3,7,7,5,12,4,3,7,0,0,0
25764,GSC Liebenfels,,Austria,0,1,1,0,1,1,0,1,1,0,0,0
771,Union Vöcklamarkt,,Austria,1,1,2,5,4,9,1,1,2,0,0,0
22609,Steel Azin FC,,Iran,2,2,4,2,2,4,2,2,4,0,0,0
9197,Pazarspor,,Turkey,2,3,5,2,10,12,2,3,5,0,0.011628,0.011628
1693,Londrina Esporte Clube (PR),,Brazil,4,9,13,4,11,15,4,9,13,0,0,0
2074,SC Kriens,,Switzerland,1,4,5,1,4,5,1,4,5,0,0,0
19090,FC Tskhinvali,,Georgia,0,1,1,0,1,1,0,1,1,0,0.039474,0.039474
36693,Racing Club de Grasse,,France,1,0,1,1,0,1,1,0,1,0,0,0
9082,Fetteh Feyenoord,,Ghana,1,2,3,1,2,3,1,2,3,0,0,0
10791,Renova Dzepciste,,North Macedonia,2,3,5,2,3,5,2,3,5,0,0.047872,0.047872
13831,Platinum Stars FC,,South Africa,1,0,1,1,0,1,1,0,1,0,0,0
3159,RFC Lüttich,,Belgium,11,8,19,16,11,27,11,8,19,0,0.019048,0.019048
22013,Desportiva Ferroviária (ES),,Brazil,1,1,2,1,1,2,1,1,2,0,0,0
12988,CD Cinfaes,,Portugal,5,1,6,8,1,9,5,1,6,0,0,0
18165,Helmond Sport U21,,Netherlands,1,0,1,2,0,2,1,0,1,0,0,0
60551,SK Dnipro-1,,Ukraine,3,4,7,3,4,7,3,4,7,0,0.481481,0.481481
22302,Lupa Frascati,,Italy,4,10,14,4,12,16,4,10,14,0,0,0
20659,Carsambaspor,,Turkey,1,1,2,1,2,3,1,1,2,0,0,0
7008,AC Oulu,,Finland,4,2,6,4,2,6,4,2,6,0,0,0
8936,Miedz Legnica,,Poland,5,2,7,5,2,7,5,2,7,0,0,0
6055,ETO FC Győr,,Hungary,11,10,21,16,10,26,11,10,21,0,0.341863,0.341863
12132,FK Jagodina,,Serbia,1,3,4,1,3,4,1,3,4,0,0.097896,0.097896
8907,Maccabi Herzliya,,Israel,3,2,5,4,2,6,3,2,5,0.031625,0,0.031625
30857,RSC Anderlecht Reserve,,Belgium,8,13,21,10,16,26,8,13,21,0,0.149375,0.149375
2793,Southend United,,England,10,17,27,17,26,43,10,17,27,0.025276,0,0.025276
10895,Buxton FC,,England,1,1,2,1,1,2,1,1,2,0,0,0
20423,Nyva Vinnytsia,,Ukraine,6,10,16,8,14,22,6,10,16,0,0.005398,0.005398
4117,Wealdstone FC,,England,0,1,1,0,2,2,0,1,1,0,0,0
26365,Nissa FC,,Italy,0,2,2,0,2,2,0,2,2,0,0,0
11154,NEC Nijmegen U21,,Netherlands,0,3,3,0,3,3,0,3,3,0,0,0
11278,NK Vinogradar,,Croatia,13,11,24,26,15,41,13,11,24,0,0,0
6954,Central Coast Mariners,,Australia,5,7,12,7,7,14,5,7,12,0,0.073362,0.073362
11405,NK Trnje Zagreb,,Croatia,7,3,10,9,3,12,7,3,10,0,0,0
27902,SC Alba,,Portugal,1,0,1,1,0,1,1,0,1,0,0,0
5753,AD Camacha,,Portugal,4,5,9,7,13,20,4,5,9,0,0,0
5956,Vetra Vilnius,,Lithuania,4,5,9,4,5,9,4,5,9,0,0,0
11061,US Gorée,,Senegal,0,1,1,0,1,1,0,1,1,0,0.02499,0.02499
10789,SC Braga B,,Portugal,11,12,23,12,16,28,11,12,23,0,0.680417,0.680417
7055,Tigres UANL,,Mexico,15,10,25,16,10,26,15,10,25,5.246329,1.2133,6.459628
5155,Metalurgi Rustavi,,Georgia,2,2,4,2,2,4,2,2,4,0,0,0
765,NK Celik Zenica,,Bosnia-Herzegovina,16,16,32,16,19,35,16,16,32,0,0.067377,0.067377
10688,Sibir Novosibirsk,,Russia,32,21,53,47,32,79,32,21,53,0.142231,0.368615,0.510845
16953,Akwa United,,Nigeria,2,1,3,2,1,3,2,1,3,0,0,0
33490,AE Ermionidas,,Greece,3,2,5,4,3,7,3,2,5,0,0,0
7078,Real Valladolid B,,Spain,2,1,3,2,1,3,2,1,3,0,0,0
12555,Ofspor,,Turkey,5,7,12,5,9,14,5,7,12,0,0,0
24355,Mughan Salyan,,Azerbaijan,1,1,2,1,1,2,1,1,2,0,0,0
6450,Wuhan Zall,,China,4,3,7,4,3,7,4,3,7,0.4295,0,0.4295
18857,FK Mutenice,,Czech Republic,3,1,4,4,1,5,3,1,4,0,0,0
8361,Saint Camille,,Burkina Faso,1,0,1,1,0,1,1,0,1,0,0,0
3876,Mirassol Futebol Clube (SP),,Brazil,4,5,9,5,5,10,4,5,9,0,0.399429,0.399429
4535,Odivelas FC,,Portugal,2,7,9,2,9,11,2,7,9,0,0.026316,0.026316
19789,Yeni Malatyaspor,,Turkey,44,29,73,56,36,92,44,29,73,0.040239,0.314815,0.355054
33615,Redbridge FC,,England,1,0,1,1,0,1,1,0,1,0,0,0
8107,SL Nelas,,Portugal,2,2,4,3,4,7,2,2,4,0,0,0
10946,KBS Poperinge,,Belgium,2,0,2,2,0,2,2,0,2,0,0,0
878,NK Slavonac CO,,Croatia,4,5,9,6,8,14,4,5,9,0,0,0
16083,Grêmio Osasco Audax (SP),,Brazil,4,3,7,4,4,8,4,3,7,0,0.046512,0.046512
7733,Al-Qadisiya,,Kuwait,6,6,12,6,6,12,6,6,12,0.316989,0,0.316989
16108,Nova Iguaçu Futebol Clube (RJ),,Brazil,1,0,1,1,0,1,1,0,1,0,0,0
13241,UD Ibiza,,Spain,4,1,5,4,1,5,4,1,5,0,0,0
9715,PSV Eindhoven U21,,Netherlands,5,23,28,6,33,39,5,23,28,0,0.214095,0.214095
18223,Olympiakos Chersonisos,,Greece,3,4,7,3,6,9,3,4,7,0,0.008081,0.008081
3010,CF Gavà,,Spain,1,4,5,1,4,5,1,4,5,0,0,0
43957,FC Stumbras Kaunas,,Lithuania,2,2,4,2,2,4,2,2,4,0,0,0
3734,Tokyo Verdy 1969,,Japan,2,4,6,2,4,6,2,4,6,0,1.517165,1.517165
37825,Shakhtar 3 Donetsk,,Ukraine,3,5,8,3,6,9,3,5,8,0,0.031237,0.031237
4275,Caldas SC,,Portugal,1,2,3,1,2,3,1,2,3,0,0,0
1992,Sport União Sintrense,,Portugal,4,4,8,5,12,17,4,4,8,0,0,0
3239,Unió Esportiva Lleida,,Spain,10,10,20,11,11,22,10,10,20,0,0,0
9095,Bnei Yehuda Tel Aviv,,Israel,6,8,14,6,8,14,6,8,14,0,0,0
9352,FC Rieti,,Italy,8,6,14,10,7,17,8,6,14,0,0,0
12916,Al-Salmiya Sports Club,,Kuwait,1,0,1,1,0,1,1,0,1,0,0,0
2782,FK Ventspils,,Latvia,13,12,25,16,13,29,13,12,25,0,0,0
35586,Pierantonio Calcio,,Italy,1,1,2,1,1,2,1,1,2,0,0,0
19065,Trnavan Rozdalovice,,Czech Republic,0,1,1,0,1,1,0,1,1,0,0,0
6266,Cavese 1919,,Italy,4,7,11,4,10,14,4,7,11,0,0,0
21568,La Roda CF,,Spain,1,0,1,1,0,1,1,0,1,0,0,0
23777,SJK Seinäjoki,,Finland,3,1,4,3,1,4,3,1,4,0,0,0
5677,Vila Nova Futebol Clube (GO),,Brazil,6,7,13,6,9,15,6,7,13,0,0.203392,0.203392
7569,FK Sloga Doboj,,Bosnia-Herzegovina,1,1,2,1,1,2,1,1,2,0,0,0
26564,Olimpia Grudziadz,,Poland,1,2,3,1,2,3,1,2,3,0,0,0
39800,Ciksalinspor,,Turkey,1,1,2,1,1,2,1,1,2,0,0,0
5681,FK Radnicki Belgrade,,Serbia,0,2,2,0,2,2,0,2,2,0,0,0
116,FC Aarau,,Switzerland,15,17,32,15,18,33,15,17,32,0.08237,0.452462,0.534832
19055,TJ Milin,,Czech Republic,1,2,3,1,2,3,1,2,3,0,0,0
8617,FC Cesarense,,Portugal,1,2,3,1,5,6,1,2,3,0,0,0
12823,Fotbal Fulnek,,Czech Republic,5,5,10,7,6,13,5,5,10,0,0,0
11469,CAPS United FC,,Zimbabwe,2,1,3,2,3,5,2,1,3,0,0,0
24724,Ajman Club,,United Arab Emirates,2,0,2,2,0,2,2,0,2,0,0,0
56668,FK Stechovice,,Czech Republic,1,1,2,1,1,2,1,1,2,0,0,0
10107,UR La Louvière Centre,,Belgium,7,2,9,7,6,13,7,2,9,0,0,0
25811,Moura AC,,Portugal,0,2,2,0,2,2,0,2,2,0,0,0
4802,TSV Neusäß,,Germany,1,0,1,1,0,1,1,0,1,0,0,0
2428,CF União Lamas,,Portugal,5,6,11,6,6,12,5,6,11,0,0,0
12960,Witgoor Sport Dessel,,Belgium,1,0,1,1,0,1,1,0,1,0,0,0
10118,Sorrento 1945,,Italy,7,8,15,7,12,19,7,8,15,0,0,0
3386,Agrotikos Asteras,,Greece,18,15,33,25,27,52,18,15,33,0,0.0675,0.0675
8818,FC Botosani,,Romania,1,4,5,1,4,5,1,4,5,0,0.047619,0.047619
20077,SV Pischelsdorf,,Austria,2,1,3,2,1,3,2,1,3,0,0,0
16837,Cianorte Futebol Clube (PR),,Brazil,1,2,3,1,2,3,1,2,3,0,0.09009,0.09009
24420,UD Logroñés,,Spain,3,3,6,3,10,13,3,3,6,0,0,0
2068,Raja Club Athletic Casablanca,,Morocco,14,8,22,14,8,22,14,8,22,0.078115,0.303453,0.381568
5093,TK Meldert,,Belgium,2,0,2,2,0,2,2,0,2,0,0,0
8515,AS Saint-Étienne B,,France,1,4,5,1,6,7,1,4,5,0,0,0
3520,FC Sète 34,,France,6,4,10,6,5,11,6,4,10,0,0,0
28072,Neva Moskau,,Russia,1,0,1,1,0,1,1,0,1,0,0,0
19231,HBS Craeyenhout,,Netherlands,3,1,4,7,1,8,3,1,4,0,0,0
54291,RUS Genly-Quévy,,Belgium,1,0,1,1,0,1,1,0,1,0,0,0
8546,Al-Muharraq SC,,Bahrain,1,1,2,1,1,2,1,1,2,0,0,0
10640,MTZ-Ripo Minsk,,Belarus,3,4,7,3,4,7,3,4,7,0,0,0
8675,Cassino Calcio 1924,,Italy,0,3,3,0,4,4,0,3,3,0,0,0
2154,Club Atlético Chacarita Juniors,,Argentina,4,9,13,4,11,15,4,9,13,0,0.40997,0.40997
7678,Sportfreunde Seligenstadt,,Germany,1,0,1,1,0,1,1,0,1,0,0,0
11053,NK Radnik,,Croatia,2,3,5,2,4,6,2,3,5,0,0,0
22010,FK Qabala,,Azerbaijan,19,16,35,22,17,39,19,16,35,0.129184,0,0.129184
2923,CD Badajoz,,Spain,7,9,16,7,9,16,7,9,16,0,0,0
3837,Fredrikstad FK,,Norway,5,6,11,5,6,11,5,6,11,0.004762,1.087106,1.091868
6025,Hapoel Acre,,Israel,3,5,8,3,6,9,3,5,8,0,0.102564,0.102564
25033,AS Marck,,France,1,0,1,1,0,1,1,0,1,0,0,0
808,MSV Duisburg II,,Germany,0,2,2,0,2,2,0,2,2,0,0,0
20572,El Gouna FC,,Egypt,2,1,3,2,1,3,2,1,3,0,0.039474,0.039474
18526,Montesilvano Calcio,,Italy,0,1,1,0,1,1,0,1,1,0,0,0
8697,AO Thiva,,Greece,3,3,6,3,7,10,3,3,6,0,0,0
3294,EC XV de Novembro (SP),,Brazil,1,1,2,1,1,2,1,1,2,0,0,0
48546,SV Lochau Jugend,,Austria,0,1,1,0,1,1,0,1,1,0,0,0
1995,DC Motema Pembe,,DR Congo,1,3,4,1,3,4,1,3,4,0,0.105263,0.105263
34626,Galychyna-Karpaty Lviv,,Ukraine,1,1,2,1,1,2,1,1,2,0,0,0
12163,Paksi FC,,Hungary,4,1,5,4,1,5,4,1,5,0,0,0
20100,FC Vestsjaelland,,Denmark,1,0,1,1,0,1,1,0,1,0,0,0
11287,Osmanlispor FK II,,Turkey,0,3,3,0,4,4,0,3,3,0,0,0
28786,NK Jadran Gunja,,Croatia,1,0,1,1,0,1,1,0,1,0,0,0
19309,Independiente del Valle,,Ecuador,1,5,6,1,5,6,1,5,6,0,0.866379,0.866379
6399,Sandefjord Fotball,,Norway,3,2,5,3,2,5,3,2,5,0,0.001884,0.001884
8449,VV UNA Veldhoven,,Netherlands,1,0,1,1,0,1,1,0,1,0,0,0
2958,ACV Assen,,Netherlands,2,0,2,2,0,2,2,0,2,0,0,0
32704,Al-Jahra FC,,Kuwait,2,0,2,2,0,2,2,0,2,0,0,0
39869,Düzyurtspor,,Turkey,0,2,2,0,2,2,0,2,2,0,0,0
3795,SK Hanacka Slavia Kromeriz,,Czech Republic,6,6,12,11,14,25,6,6,12,0,0,0
35327,Thanh Hoa FC,,Vietnam,1,0,1,1,0,1,1,0,1,0,0,0
12520,Damash Gilan FC,,Iran,2,3,5,2,3,5,2,3,5,0,0.024752,0.024752
5267,Farul Constanta,,Romania,0,2,2,0,2,2,0,2,2,0,0,0
23667,TKI Tavsanli Linyitspor,,Turkey,5,4,9,8,6,14,5,4,9,0,0.095238,0.095238
4582,Digenis Akritas Morfou,,Cyprus,6,2,8,7,2,9,6,2,8,0,0,0
26740,Recreativo do Libolo,,Angola,11,5,16,13,5,18,11,5,16,0.024474,0,0.024474
8463,FC Rapperswil-Jona,,Switzerland,2,0,2,2,0,2,2,0,2,0,0,0
1463,FC Schalke 04 U19,,Germany,0,9,9,0,10,10,0,9,9,0,0.042328,0.042328
8699,Apollon Larisas,,Greece,6,3,9,9,3,12,6,3,9,0,0,0
3539,Tamworth FC,,England,4,3,7,4,5,9,4,3,7,0,0,0
8178,Entente SSG,,France,5,7,12,5,9,14,5,7,12,0,0.085566,0.085566
24032,Mezőkövesd Zsóry FC,,Hungary,4,2,6,4,2,6,4,2,6,0,0,0
5971,RKB-Arma Riga,,Latvia,0,1,1,0,1,1,0,1,1,0,0,0
6648,CF Caniçal,,Portugal,2,1,3,2,1,3,2,1,3,0,0,0
23590,Ilyichivets Mariupol U17,,Ukraine,0,1,1,0,1,1,0,1,1,0,0,0
20844,Real Avilés CF,,Spain,1,2,3,1,2,3,1,2,3,0,0,0
305,1.SC Feucht,,Germany,1,0,1,1,0,1,1,0,1,0,0,0
2157,FC Blau Weiss Linz,,Austria,8,11,19,14,16,30,8,11,19,0,0,0
904,FK Mladost Apatin,,Serbia,1,1,2,1,1,2,1,1,2,0,0,0
13744,MFK Zemplin Michalovce,,Slovakia,5,3,8,6,9,15,5,3,8,0,0,0
36493,FK Kraluv Dvur,,Czech Republic,3,1,4,4,3,7,3,1,4,0,0,0
5573,AS Rodos,,Greece,9,5,14,10,5,15,9,5,14,0,0,0
9636,Seattle Sounders FC,,United States,12,5,17,14,6,20,12,5,17,1.387379,0.456204,1.843584
4284,Kansas City Wizards,,United States,10,6,16,11,6,17,10,6,16,0.19699,0.780265,0.977255
8002,Venta Kuldiga,,Latvia,3,2,5,3,2,5,3,2,5,0,0,0
8690,Kastamonuspor,,Turkey,2,3,5,4,14,18,2,3,5,0,0,0
2993,Satellite FC,,Guinea,1,2,3,1,10,11,1,2,3,0,0,0
2829,FC Marco,,Portugal,8,15,23,11,19,30,8,15,23,0,0,0
53537,Rignanese Calcio,,Italy,3,0,3,4,0,4,3,0,3,0,0,0
38479,Real Vicenza VS,,Italy,0,5,5,0,5,5,0,5,5,0,0,0
709,Budapest Honvéd FC,,Hungary,12,13,25,12,13,25,12,13,25,0,0.053191,0.053191
1058,Odds BK,,Norway,3,5,8,3,6,9,3,5,8,0,0.165223,0.165223
6368,Huachipato FC,,Chile,6,5,11,6,7,13,6,5,11,0,0.510104,0.510104
1112,Wrexham AFC,,England,5,10,15,5,17,22,5,10,15,0,0.182999,0.182999
32343,Hajer Club,,Saudi Arabia,2,0,2,2,0,2,2,0,2,0,0,0
22752,Deportivo del Valle,,Ecuador,1,0,1,1,0,1,1,0,1,0,0,0
8091,CA Valdevez,,Portugal,1,4,5,1,4,5,1,4,5,0,0.004692,0.004692
3492,NK Bratstvo Gracanica,,Bosnia-Herzegovina,1,1,2,1,1,2,1,1,2,0,0,0
2578,St. Johnstone FC,,Scotland,5,9,14,5,9,14,5,9,14,0,0,0
10442,Unirea Urziceni,,Romania,1,3,4,1,4,5,1,3,4,0.051282,0.17094,0.222222
18216,Achilles '29,,Netherlands,7,1,8,14,1,15,7,1,8,0,0,0
27932,MITOS Novocherkassk,,Russia,1,2,3,1,2,3,1,2,3,0,0,0
20132,Clube Atlético Linense (SP),,Brazil,1,2,3,1,2,3,1,2,3,0,0.036036,0.036036
37974,Silivrispor,,Turkey,1,3,4,1,4,5,1,3,4,0,0,0
6356,Mamelodi Sundowns FC,,South Africa,9,7,16,10,9,19,9,7,16,0,0.904828,0.904828
28403,Xerxes DZB,,Netherlands,1,0,1,1,0,1,1,0,1,0,0,0
9515,NK GOSK Dubrovnik,,Croatia,2,4,6,3,4,7,2,4,6,0,0,0
10868,US Orléans 45,,France,10,7,17,11,9,20,10,7,17,0,0,0
22559,NK Dubrava Tim kabel,,Croatia,2,5,7,3,9,12,2,5,7,0,0,0
15157,Lüleburgazspor,,Turkey,1,3,4,1,3,4,1,3,4,0,0,0
19726,Granit Mikashevichi,,Belarus,4,1,5,5,1,6,4,1,5,0,0,0
54525,VV St. Truiden Reserve,,Belgium,0,4,4,0,4,4,0,4,4,0,0,0
6189,Spartak Moskow II,,Russia,9,9,18,13,10,23,9,9,18,0,0.079649,0.079649
63,Sportfreunde Siegen,,Germany,9,5,14,9,6,15,9,5,14,0.073407,0.061828,0.135235
30686,FC Milsami Orhei,,Moldova,3,2,5,3,2,5,3,2,5,0,0,0
18983,TJ Sokol Libis,,Czech Republic,0,2,2,0,2,2,0,2,2,0,0,0
4004,Nafpaktiakos Asteras,,Greece,5,7,12,6,8,14,5,7,12,0,0,0
52714,AO Atlantis Anthousas,,Greece,1,0,1,1,0,1,1,0,1,0,0,0
3211,Batman Petrolspor,,Turkey,3,6,9,3,6,9,3,6,9,0,0,0
71,Stuttgarter Kickers,,Germany,5,8,13,5,11,16,5,8,13,0.033333,0.065855,0.099188
5585,Barletta 1922,,Italy,7,15,22,7,20,27,7,15,22,0,0.00005,0.00005
15763,FC Bohemians Prag 1905 U19,,Czech Republic,0,3,3,0,3,3,0,3,3,0,0.116279,0.116279
9150,Lilas Vasilikou,,Greece,0,1,1,0,1,1,0,1,1,0,0,0
17209,Al-Wahda Mekka,,Saudi Arabia,2,2,4,2,2,4,2,2,4,0.189084,0,0.189084
33288,El-Jaish Sports Club,,Qatar,4,0,4,4,0,4,4,0,4,0.611851,0,0.611851
10480,Shakhter Karaganda,,Kazakhstan,12,12,24,12,13,25,12,12,24,0.039604,0,0.039604
20570,OMS Ingelmunster,,Belgium,3,1,4,3,1,4,3,1,4,0,0,0
7116,VV IJsselmeervogels,,Netherlands,3,1,4,4,1,5,3,1,4,0,0,0
7000,Hapoel Nazareth Illit,,Israel,2,1,3,2,1,3,2,1,3,0,0,0
11135,NoSta Novotroitsk,,Russia,9,8,17,11,12,23,9,8,17,0,0.046512,0.046512
21,Chemnitzer FC,,Germany,10,9,19,11,10,21,10,9,19,0,0.11225,0.11225
3917,ASC Diaraf Dakar,,Senegal,2,4,6,2,5,7,2,4,6,0,0.028589,0.028589
7178,Criciúma Esporte Clube,,Brazil,10,12,22,11,13,24,10,12,22,0,0,0
9630,AA La Louviere U19,,Belgium,0,1,1,0,1,1,0,1,1,0,0,0
12066,Torpedo Volzhsky,,Russia,0,2,2,0,3,3,0,2,2,0,0,0
8793,Clube Atlético Bragantino (SP),,Brazil,8,8,16,8,9,17,8,8,16,0,0,0
1179,Hammer SpVg,,Germany,2,0,2,2,0,2,2,0,2,0,0,0
7536,GD Lagoa,,Portugal,0,2,2,0,4,4,0,2,2,0,0,0
33992,Tampines Rovers Reserve,,Singapore,1,0,1,1,0,1,1,0,1,0,0,0
2009,FC Puch,,Austria,2,1,3,3,2,5,2,1,3,0,0,0
15887,Club Estudiantes de La Plata II,,Argentina,1,0,1,2,0,2,1,0,1,0,0,0
1183,Eintracht Nordhorn (liq.),,Germany,2,0,2,5,0,5,2,0,2,0,0,0
15136,Vitória Guimarães SC B,,Portugal,5,5,10,5,6,11,5,5,10,0,0,0
15897,El Ahly Cairo U19,,Egypt,0,1,1,0,1,1,0,1,1,0,0,0
12388,Keciörengücü,,Turkey,7,2,9,9,10,19,7,2,9,0,0,0
36093,MFK Zvolen,,Slovakia,2,1,3,2,2,4,2,1,3,0,0,0
6043,Anagennisi Derynias,,Cyprus,2,1,3,2,1,3,2,1,3,0,0,0
10207,Football Club de Saint-Leu,,France,1,0,1,1,0,1,1,0,1,0,0,0
21234,FK Bylis Ballsh,,Albania,4,0,4,4,0,4,4,0,4,0,0,0
30510,KFC Schoten SK,,Belgium,7,1,8,9,1,10,7,1,8,0,0,0
1236,Östers IF,,Sweden,2,0,2,2,0,2,2,0,2,0,0,0
43618,RSC Charleroi Reserve,,Belgium,0,1,1,0,1,1,0,1,1,0,0,0
15817,Johor Darul Ta'zim FC,,Malaysia,5,3,8,5,3,8,5,3,8,0.092275,0,0.092275
6938,Birmingham City U18,,England,0,1,1,0,1,1,0,1,1,0,0,0
5243,Parma Primavera,,Italy,1,3,4,1,3,4,1,3,4,0,0.266667,0.266667
6716,TSV Ottobrunn,,Germany,0,1,1,0,1,1,0,1,1,0,0,0
4630,Al Sailiya Sport Club,,Qatar,8,4,12,9,4,13,8,4,12,0,0,0
23315,AD Oliveirense,,Portugal,3,9,12,3,12,15,3,9,12,0,0,0
11121,Dinamo Bryansk,,Russia,7,10,17,9,13,22,7,10,17,0,0.12406,0.12406
3744,Perth SC,,Australia,1,1,2,1,1,2,1,1,2,0,0,0
45941,Wadi Degla FC U23,,Egypt,0,2,2,0,2,2,0,2,2,0,0.009607,0.009607
11275,ASC Port Autonome,,Senegal,0,1,1,0,1,1,0,1,1,0,0,0
6987,CD Fátima,,Portugal,11,13,24,13,33,46,11,13,24,0,0.026316,0.026316
20839,Gazovik-Skala Stryi,,Ukraine,6,2,8,6,2,8,6,2,8,0,0,0
10460,FK Timok Zajecar,,Serbia,3,2,5,3,2,5,3,2,5,0,0,0
10898,Spartak Nizhniy Novgorod,,Russia,7,2,9,9,2,11,7,2,9,0.030471,0.006797,0.037268
25032,KFC Izegem,,Belgium,3,1,4,3,1,4,3,1,4,0,0,0
1278,União Agrícola Barbarense FC (SP),,Brazil,4,8,12,6,9,15,4,8,12,0,0.039474,0.039474
31788,Sancaktepe Belediyespor,,Turkey,3,2,5,3,2,5,3,2,5,0,0,0
580,MSV 1919 Neuruppin,,Germany,1,1,2,1,1,2,1,1,2,0,0,0
32561,Serrano Sport Club (BA),,Brazil,0,1,1,0,1,1,0,1,1,0,0,0
30650,CR Al Hoceima,,Morocco,3,0,3,3,0,3,3,0,3,0,0,0
2930,Enugu Rangers IFC,,Nigeria,2,3,5,2,6,8,2,3,5,0,0.223684,0.223684
3829,CA Fénix,,Uruguay,6,9,15,6,9,15,6,9,15,0,0.869072,0.869072
10867,FC Béziers Méditerranée,,France,4,1,5,4,1,5,4,1,5,0,0,0
9663,Excelsior '31 Rijssen,,Netherlands,3,1,4,6,1,7,3,1,4,0,0,0
8705,AS Moulins,,France,2,2,4,2,2,4,2,2,4,0,0,0
4785,Baniyas SC,,United Arab Emirates,6,7,13,7,7,14,6,7,13,0.399391,0,0.399391
10312,HNK Brotnjo Citluk,,Bosnia-Herzegovina,1,3,4,1,5,6,1,3,4,0,0,0
3134,KFC VW Hamme,,Belgium,14,7,21,21,14,35,14,7,21,0,0,0
3471,Linfield FC,,Northern Ireland,2,2,4,2,2,4,2,2,4,0,0,0
9888,KSK Heist,,Belgium,5,6,11,10,9,19,5,6,11,0,0,0
6753,SV Feldkirchen,,Austria,1,2,3,1,2,3,1,2,3,0,0,0
4857,De Tubanters 1897,,Netherlands,1,0,1,1,0,1,1,0,1,0,0,0
2407,CF Monterrey,,Mexico,15,5,20,15,6,21,15,5,20,2.446788,1.929569,4.376357
6435,Lokomotiv Kaluga,,Russia,1,0,1,1,0,1,1,0,1,0,0,0
3896,Granada 74 CF,,Spain,2,6,8,2,6,8,2,6,8,0,0.04182,0.04182
4751,Sporting Pombal,,Portugal,2,3,5,2,4,6,2,3,5,0,0,0
39091,FC Agro Chisinau,,Moldova,0,1,1,0,1,1,0,1,1,0,0,0
32098,FK Jedinstvo Putevi Uzice,,Serbia,0,1,1,0,1,1,0,1,1,0,0,0
6423,Slavia Mozyr,,Belarus,2,7,9,2,8,10,2,7,9,0,0.129032,0.129032
11422,CE Sabadell,,Spain,5,7,12,6,10,16,5,7,12,0,0,0
22579,Torpedo-ZiL Moskau,,Russia,2,0,2,2,0,2,2,0,2,0,0,0
7989,Keravnos Kerateas,,Greece,1,4,5,3,4,7,1,4,5,0,0,0
10511,Club Atlético San Martín (SJ),,Argentina,3,4,7,3,4,7,3,4,7,0,0.007903,0.007903
3521,FK Zemun,,Serbia,9,8,17,9,9,18,9,8,17,0,0.037229,0.037229
2761,FK Haugesund,,Norway,7,7,14,7,9,16,7,7,14,0.011261,0.368311,0.379572
16492,UD Melilla,,Spain,3,5,8,3,6,9,3,5,8,0,0,0
4789,CF União Coimbra,,Portugal,1,1,2,1,1,2,1,1,2,0,0,0
13648,Gebzespor,,Turkey,3,3,6,3,3,6,3,3,6,0,0,0
8445,Wellington Phoenix,,Australia,4,4,8,4,4,8,4,4,8,0,0,0
8539,Yanbian Funde,,China,2,0,2,2,0,2,2,0,2,0,0,0
19132,ASD Calcio Pomigliano,,Italy,0,1,1,0,2,2,0,1,1,0,0,0
20877,Brackley Town,,England,2,0,2,2,0,2,2,0,2,0,0,0
2241,Kashima Antlers,,Japan,4,10,14,5,10,15,4,10,14,0.34188,0.491764,0.833644
7153,Zawisza Bydgoszcz,,Poland,8,3,11,8,3,11,8,3,11,0.014851,0.032895,0.047746
5086,SO Romorantin,,France,3,3,6,3,3,6,3,3,6,0,0,0
4881,SC Dragões Sandinenses,,Portugal,4,6,10,4,7,11,4,6,10,0,0,0
3319,Sampaio Corrêa Futebol Clube (MA),,Brazil,1,3,4,1,3,4,1,3,4,0,0,0
43162,FK Liepaja,,Latvia,6,4,10,6,4,10,6,4,10,0,0,0
1391,Zalaegerszegi TE FC,,Hungary,8,7,15,9,8,17,8,7,15,0,0.588052,0.588052
7542,Atlético Colombia,,Colombia,0,1,1,0,1,1,0,1,1,0,0.237765,0.237765
31007,Spartak Semey,,Kazakhstan,1,1,2,1,1,2,1,1,2,0,0,0
14940,Almere City FC U19,,Netherlands,0,1,1,0,1,1,0,1,1,0,0,0
6640,Club Bruges U19,,Belgium,0,8,8,0,8,8,0,8,8,0,0,0
45155,FK Sevastopol,,Russia,1,0,1,1,0,1,1,0,1,0,0,0
6156,GD Tourizense,,Portugal,4,9,13,9,31,40,4,9,13,0,0,0
45683,APE Lagada,,Greece,3,1,4,4,3,7,3,1,4,0,0,0
4113,US Massese,,Italy,5,3,8,6,6,12,5,3,8,0,0,0
947,Boldklubben af 1893,,Denmark,1,3,4,1,3,4,1,3,4,0,0,0
3938,Club Atlético Talleres,,Argentina,5,8,13,5,8,13,5,8,13,0,0,0
676,Wiener Sportklub,,Austria,5,3,8,8,7,15,5,3,8,0,0,0
21602,PAO Neon Epivaton,,Greece,3,1,4,3,3,6,3,1,4,0,0,0
7831,Brisbane Roar,,Australia,6,7,13,6,10,16,6,7,13,0,0.024474,0.024474
10709,ADO Den Haag U19,,Netherlands,0,2,2,0,2,2,0,2,2,0,0,0
6759,Chiangrai United,,Thailand,1,1,2,1,1,2,1,1,2,0,0,0
12683,Blazma Rezekne,,Latvia,0,1,1,0,1,1,0,1,1,0,0,0
22610,Gyirmót FC Győr,,Hungary,2,0,2,2,0,2,2,0,2,0,0,0
1710,TSG Thannhausen,,Germany,0,1,1,0,1,1,0,1,1,0,0,0
12721,Ittihad Tanger,,Morocco,2,0,2,2,0,2,2,0,2,0,0,0
1059,Hammarby IF,,Sweden,11,18,29,11,19,30,11,18,29,0,2.044025,2.044025
70140,Havran Kryry,,Czech Republic,0,1,1,0,1,1,0,1,1,0,0,0
16668,Grenoble Foot 38 B,,France,0,3,3,0,3,3,0,3,3,0,0,0
11099,OFK Grbalj,,Montenegro,1,1,2,1,1,2,1,1,2,0,0.001027,0.001027
98,Dresdner SC,,Germany,3,0,3,3,0,3,3,0,3,0,0,0
15029,Fluminense Football Club U17,,Brazil,0,1,1,0,1,1,0,1,1,0,0,0
18760,RRC Hamoir,,Belgium,2,0,2,2,0,2,2,0,2,0,0,0
41201,FK Tambov,,Russia,8,5,13,10,6,16,8,5,13,0,0,0
37169,Puskás Akadémia FC,,Hungary,3,2,5,5,2,7,3,2,5,0,0,0
3474,Western Suburbs,,New Zealand,1,0,1,1,0,1,1,0,1,0,0,0
4494,Chernomorets Burgas,,Bulgaria,10,7,17,10,7,17,10,7,17,0,0.416667,0.416667
17238,Shanghai Shenxin,,China,1,0,1,1,0,1,1,0,1,0,0,0
3237,KR Reykjavík,,Iceland,9,2,11,9,2,11,9,2,11,0,0,0
11250,Tokatspor,,Turkey,5,3,8,5,4,9,5,3,8,0,0,0
649,Szombathelyi Haladás,,Hungary,5,3,8,5,4,9,5,3,8,0,0.233918,0.233918
39797,Ankara Adliye Spor,,Turkey,0,5,5,0,6,6,0,5,5,0,0,0
65138,TJ Jurinka,,Czech Republic,1,0,1,1,0,1,1,0,1,0,0,0
11907,Dacia Chisinau,,Moldova,4,8,12,5,10,15,4,8,12,0,0,0
46056,Kissavos Sykouriou,,Greece,1,0,1,1,0,1,1,0,1,0,0,0
7090,Kapaz PFK,,Azerbaijan,1,3,4,1,3,4,1,3,4,0,0,0
20681,Corumspor,,Turkey,2,3,5,2,5,7,2,3,5,0,0.035714,0.035714
10370,KSV Ingelmunster,,Belgium,6,3,9,7,3,10,6,3,9,0,0,0
32130,Naxxar Lions FC,,Malta,2,1,3,2,1,3,2,1,3,0,0,0
17398,Kemi City FC,,Finland,1,0,1,1,0,1,1,0,1,0,0,0
4558,AC Martina 1947,,Italy,8,10,18,9,15,24,8,10,18,0,0,0
629,Olimpia Asunción,,Paraguay,8,6,14,9,8,17,8,6,14,0,1.255411,1.255411
9103,Deportes Cobreloa,,Chile,2,1,3,2,1,3,2,1,3,0,0.683727,0.683727
22038,Selargius Calcio,,Italy,1,0,1,1,0,1,1,0,1,0,0,0
33209,FK Odessa,,Ukraine,2,3,5,2,3,5,2,3,5,0,0,0
2862,Feyenoord/Excelsior U19,,Netherlands,1,12,13,1,14,15,1,12,13,0,0,0
12100,CA All Boys Buenos Aires,,Argentina,4,5,9,4,7,11,4,5,9,0,0,0
12425,Metalurg Donetsk II,,Ukraine,3,2,5,3,3,6,3,2,5,0,0,0
24325,SK Lisen,,Czech Republic,3,4,7,6,4,10,3,4,7,0,0,0
20955,Gosport Borough FC,,England,1,0,1,1,0,1,1,0,1,0,0,0
32119,SC Vallée d’Aoste,,Italy,1,3,4,1,3,4,1,3,4,0,0,0
11141,Toronto FC,,United States,15,7,22,15,7,22,15,7,22,2.122286,0.428295,2.550581
11245,UD San Sebastián de los Reyes,,Spain,4,1,5,4,1,5,4,1,5,0,0,0
8174,FC Vaslui,,Romania,9,10,19,10,11,21,9,10,19,0.751734,0.597777,1.349511
6613,Nafkom Brovary,,Ukraine,0,3,3,0,3,3,0,3,3,0,0,0
6100,APO Keratsini,,Greece,3,2,5,5,3,8,3,2,5,0,0,0
4745,Bangu Atlético Clube (RJ),,Brazil,2,1,3,2,1,3,2,1,3,0,0,0
12514,FK Kolubara Lazarevac,,Serbia,1,1,2,1,2,3,1,1,2,0,0,0
9202,USL Dunkerque,,France,2,4,6,2,4,6,2,4,6,0,0,0
10390,Sanremese Calcio,,Italy,1,3,4,1,4,5,1,3,4,0,0,0
36959,Associação Jaguaré Esporte Clube (ES),,Brazil,1,0,1,1,0,1,1,0,1,0,0,0
2779,FK Puchov,,Slovakia,1,5,6,1,5,6,1,5,6,0,0.064935,0.064935
554,Hapoel Rishon leZion,,Israel,4,5,9,4,5,9,4,5,9,0,0,0
12405,Real Unión Club,,Spain,4,7,11,9,15,24,4,7,11,0,0,0
28199,União Esporte Clube (MT),,Brazil,1,1,2,1,1,2,1,1,2,0,0,0
18844,CD Suchitepéquez,,Guatemala,1,0,1,1,0,1,1,0,1,0,0,0
12535,FC Ascona,,Switzerland,1,0,1,1,0,1,1,0,1,0,0,0
115,FC Oberneuland,,Germany,0,1,1,0,1,1,0,1,1,0,0,0
19644,Union Gurten,,Austria,0,1,1,0,2,2,0,1,1,0,0,0
11516,Levante UD B,,Spain,2,1,3,2,1,3,2,1,3,0,0.157895,0.157895
17136,NK Krsko,,Slovenia,5,5,10,6,7,13,5,5,10,0,0,0
6939,Portsmouth FC U18,,England,1,2,3,1,2,3,1,2,3,0,0,0
28241,Brantford Galaxy SC,,Canada,1,1,2,1,1,2,1,1,2,0,0,0
9560,Politehnica Iasi,,Romania,4,2,6,4,2,6,4,2,6,0.089045,0.001385,0.09043
2582,Pusan I'Cons,,"Korea, South",5,6,11,5,6,11,5,6,11,0,1.452899,1.452899
12931,FK Sindjelic Belgrad,,Serbia,0,1,1,0,1,1,0,1,1,0,0,0
4181,Caçadores das Taipas,,Portugal,0,5,5,0,7,7,0,5,5,0,0,0
10960,Central Español,,Uruguay,1,3,4,1,3,4,1,3,4,0,0,0
13505,Al-Ittihad Tripoli,,Libya,5,5,10,5,5,10,5,5,10,0.380435,0.183203,0.563638
21508,FC Olimpia Bălți,,Moldova,4,5,9,4,5,9,4,5,9,0,0,0
13011,FC Tbilisi,,Georgia,0,1,1,0,1,1,0,1,1,0,0.068373,0.068373
443,Vejle Boldklub,,Denmark,7,4,11,7,4,11,7,4,11,0.019623,0,0.019623
421,Kongsvinger IL,,Norway,1,2,3,1,2,3,1,2,3,0,0,0
1034,Grimsby Town,,England,10,12,22,11,16,27,10,12,22,0.102683,0,0.102683
6896,SC Lusitânia,,Portugal,1,1,2,1,1,2,1,1,2,0,0,0
19367,SS Tritium 1908,,Italy,1,3,4,1,6,7,1,3,4,0,0,0
22028,SC Enzersfeld/W.,,Austria,1,0,1,1,0,1,1,0,1,0,0,0
6181,FK Jurmala,,Latvia,2,2,4,2,2,4,2,2,4,0,0,0
29367,Pápai Perutz FC II,,Hungary,0,1,1,0,1,1,0,1,1,0,0,0
1056,Örebro SK,,Sweden,7,9,16,7,9,16,7,9,16,0,0.251587,0.251587
19060,Legião Futebol Clube (DF),,Brazil,2,1,3,2,1,3,2,1,3,0,0,0
7067,Billericay Town,,England,1,0,1,1,0,1,1,0,1,0,0,0
1512,Arsinspor,,Turkey,3,6,9,3,10,13,3,6,9,0,0,0
4544,AS Sora Calcio,,Italy,6,5,11,7,5,12,6,5,11,0,0,0
7411,Jönköpings Södra IF,,Sweden,2,5,7,2,5,7,2,5,7,0,0.206349,0.206349
24288,Arsenal Bila Tserkva,,Ukraine,6,3,9,10,3,13,6,3,9,0,0,0
497,1.FC Lokomotive Leipzig,,Germany,1,0,1,1,0,1,1,0,1,0,0,0
46856,ASD Paternò,,Italy,2,2,4,2,2,4,2,2,4,0,0,0
4404,FC Nenzing,,Austria,1,1,2,1,1,2,1,1,2,0,0,0
12052,FK Ryazan,,Russia,1,0,1,1,0,1,1,0,1,0,0,0
21474,HR Maceratese,,Italy,2,3,5,2,8,10,2,3,5,0,0,0
3598,Excelsior Veldwezelt,,Belgium,2,1,3,2,1,3,2,1,3,0,0,0
28848,Al-Faisaly Harmah,,Saudi Arabia,7,2,9,7,2,9,7,2,9,0.017962,0.009607,0.027569
6632,Kashiwa Reysol,,Japan,3,5,8,3,6,9,3,5,8,1.710526,1.382239,3.092765
12816,Lazio Primavera,,Italy,0,4,4,0,4,4,0,4,4,0,0,0
31225,NK BSK Brdovec,,Croatia,0,1,1,0,1,1,0,1,1,0,0,0
53354,AO Athinais Kypselis,,Greece,1,0,1,1,0,1,1,0,1,0,0,0
5570,The Strongest La Paz,,Bolivia,3,5,8,3,6,9,3,5,8,0,0,0
3029,Gretna FC (aufgel.),,Scotland,2,3,5,2,3,5,2,3,5,0,0,0
1134,Associação Atlética Ponte Preta,,Brazil,9,21,30,9,24,33,9,21,30,0,2.319616,2.319616
578,Alemannia Aachen II,,Germany,2,2,4,2,2,4,2,2,4,0,0,0
13240,Sestao River,,Spain,1,3,4,1,3,4,1,3,4,0,0,0
21535,Hakoah Amidar Ramat Gan,,Israel,2,1,3,2,1,3,2,1,3,0,0,0
10119,SV Gmunden,,Austria,2,1,3,4,1,5,2,1,3,0,0,0
12524,Ankara Demirspor,,Turkey,5,8,13,6,12,18,5,8,13,0,0,0
40812,CS Universitatea Craiova,,Romania,7,5,12,7,5,12,7,5,12,0,0.603157,0.603157
38987,Qingdao Huanghai,,China,1,0,1,1,0,1,1,0,1,0,0,0
10774,S. O. Châtellerault,,France,3,0,3,3,0,3,3,0,3,0,0,0
9982,Henan Jianye,,China,9,3,12,9,3,12,9,3,12,1.280741,0.096166,1.376908
49587,Zhemchuzhyna Odessa,,Ukraine,1,2,3,1,3,4,1,2,3,0,0,0
176,Amica Wronki,,Poland,3,5,8,3,6,9,3,5,8,0,0.347873,0.347873
19077,Arsenal Ceska Lipa,,Czech Republic,2,4,6,3,4,7,2,4,6,0,0,0
26594,FCM Aubervilliers,,France,1,2,3,1,2,3,1,2,3,0,0,0
13860,FC Onesti,,Romania,0,1,1,0,1,1,0,1,1,0,0,0
2945,OJC Rosmalen,,Netherlands,1,2,3,2,2,4,1,2,3,0,0,0
6983,KF Elbasani,,Albania,4,4,8,4,5,9,4,4,8,0,0.353896,0.353896
828,Urawa Red Diamonds,,Japan,11,11,22,11,12,23,11,11,22,1.59203,0.902441,2.494472
3684,Stevenage FC,,England,6,12,18,6,18,24,6,12,18,0,0.126056,0.126056
6638,CF Badalona,,Spain,1,2,3,1,2,3,1,2,3,0,0,0
22842,FC Gagra,,Georgia,2,3,5,3,3,6,2,3,5,0,0.068376,0.068376
4061,Vigor Lamezia Calcio,,Italy,3,4,7,5,12,17,3,4,7,0,0,0
10010,Esporte Clube Bahia,,Brazil,15,12,27,16,15,31,15,12,27,0,1.558921,1.558921
33441,PAS Patraikos,,Greece,3,4,7,3,4,7,3,4,7,0,0,0
3536,Rushden & Diamonds (liq.),,England,2,7,9,3,8,11,2,7,9,0,0,0
59573,SK Uvaly,,Czech Republic,1,0,1,1,0,1,1,0,1,0,0,0
18299,Feniks Kalinino,,Ukraine,2,4,6,2,4,6,2,4,6,0,0,0
19781,FK Kaliakra Kavarna,,Bulgaria,1,1,2,1,1,2,1,1,2,0,0,0
5540,AGS Kastoria,,Greece,7,3,10,11,5,16,7,3,10,0,0,0
4713,Bayer 04 Leverkusen U19,,Germany,0,3,3,0,3,3,0,3,3,0,0,0
2414,AC Horsens,,Denmark,1,2,3,1,2,3,1,2,3,0,0,0
1450,Sporting Cristal Lima,,Peru,2,13,15,2,14,16,2,13,15,0,0.344678,0.344678
3828,Yokohama F. Marinos,,Japan,4,6,10,4,6,10,4,6,10,0.127846,0.791925,0.919772
10149,SV Leobendorf,,Austria,3,0,3,4,0,4,3,0,3,0,0,0
52566,AEEK SYNKA,,Greece,1,0,1,1,0,1,1,0,1,0,0,0
10561,VF Colligiana,,Italy,4,7,11,4,15,19,4,7,11,0,0,0
4424,NK Novalja,,Croatia,8,6,14,11,16,27,8,6,14,0,0,0
4391,Buducnost Podgorica,,Serbia,6,9,15,6,9,15,6,9,15,0,0.327714,0.327714
4452,SV Hall,,Austria,1,3,4,3,3,6,1,3,4,0,0,0
28931,BFC Daugavpils,,Latvia,0,1,1,0,2,2,0,1,1,0,0,0
12440,Volochanin-Ratmir Vyshny Volochek,,Russia,0,1,1,0,1,1,0,1,1,0,0,0
13414,Rákospalotai EAC,,Hungary,1,2,3,1,2,3,1,2,3,0,0,0
7141,SC Weiz,,Austria,2,1,3,2,1,3,2,1,3,0,0,0
22799,US Marignane,,France,1,1,2,1,1,2,1,1,2,0,0,0
2432,SC União Torreense,,Portugal,7,9,16,10,11,21,7,9,16,0,0,0
7406,Syrianska FC,,Sweden,2,2,4,2,2,4,2,2,4,0,0,0
20908,NK Bistra,,Croatia,2,4,6,4,6,10,2,4,6,0,0,0
1424,Association sportive de Valence,,France,4,10,14,4,11,15,4,10,14,0,0,0
943,Yokohama FC,,Japan,3,1,4,3,1,4,3,1,4,0,0,0
12457,Besëlidhja Lezhë,,Albania,0,1,1,0,1,1,0,1,1,0,0.002539,0.002539
3280,Associação Desportiva Confiança (SE),,Brazil,1,1,2,2,1,3,1,1,2,0,0,0
13573,SU 1º Dezembro,,Portugal,2,3,5,2,6,8,2,3,5,0,0,0
28329,Sriwijaya FC,,Indonesia,3,0,3,3,0,3,3,0,3,0,0,0
10943,CA Porto Caruaru,,Portugal,1,1,2,1,1,2,1,1,2,0,0,0
13427,Akropolis IF,,Sweden,1,0,1,2,0,2,1,0,1,0,0,0
3541,La Roche Vendée Football,,France,0,1,1,0,1,1,0,1,1,0,0,0
1260,SV Erzhausen,,Germany,1,0,1,1,0,1,1,0,1,0,0,0
12373,FK Partizan Belgrade U19,,Serbia,0,4,4,0,4,4,0,4,4,0,0.021277,0.021277
30120,AE Kifisias,,Greece,6,2,8,6,5,11,6,2,8,0,0,0
10233,Atlético de Rafaela,,Argentina,6,4,10,7,4,11,6,4,10,0,0.07619,0.07619
40843,FC Voluntari,,Romania,3,2,5,3,2,5,3,2,5,0,0,0
10523,AC Sansovino,,Italy,3,1,4,3,1,4,3,1,4,0,0,0
22051,AC Isola Liri,,Italy,3,3,6,3,3,6,3,3,6,0,0,0
19177,Rosetana Calcio,,Italy,1,0,1,1,0,1,1,0,1,0,0,0
16672,SCO Angers B,,France,1,3,4,1,3,4,1,3,4,0,0,0
8602,Brujas FC,,Costa Rica,5,1,6,5,2,7,5,1,6,0,0,0
43084,TJ Valasske Mezirici,,Czech Republic,1,1,2,1,1,2,1,1,2,0,0,0
19038,SK Strakonice,,Czech Republic,1,1,2,1,2,3,1,1,2,0,0,0
8158,OGC Nice B,,France,2,3,5,2,3,5,2,3,5,0,0,0
8043,Kokkolan Pallo-Veikot,,Finland,3,1,4,3,1,4,3,1,4,0,0,0
215,Bonner SC,,Germany,2,0,2,2,0,2,2,0,2,0,0,0
1187,FBK Kaunas,,Lithuania,9,5,14,10,5,15,9,5,14,0.263158,0,0.263158
12130,Torino Primavera,,Italy,0,3,3,0,4,4,0,3,3,0,0.025974,0.025974
7086,CD Portosantense,,Portugal,1,3,4,1,3,4,1,3,4,0,0,0
4542,Cultural Leonesa,,Spain,7,6,13,8,8,16,7,6,13,0,0,0
8698,Grêmio Barueri Futebol Ltda.,,Brazil,6,8,14,6,8,14,6,8,14,0,1.138608,1.138608
20375,JS Saint-Pierroise,,Réunion,4,0,4,4,0,4,4,0,4,0,0,0
23212,Rapid de Menton,,France,1,0,1,1,0,1,1,0,1,0,0,0
46694,SK Benatky nad Jizerou,,Czech Republic,1,2,3,1,2,3,1,2,3,0,0,0
1006,Borussia Mönchengladbach II,,Germany,1,7,8,1,7,8,1,7,8,0,0.419742,0.419742
10496,UD Vecindario,,Spain,2,5,7,2,7,9,2,5,7,0,0,0
811,CF Extremadura,,Spain,6,7,13,6,8,14,6,7,13,0,0,0
27531,CarpiBerretti,,Italy,0,2,2,0,2,2,0,2,2,0,0,0
24921,Cetinkaya TSK,,Cyprus,1,0,1,1,0,1,1,0,1,0,0,0
2856,MOC ´17 Bergen op Zoom,,Netherlands,0,1,1,0,1,1,0,1,1,0,0,0
8335,Silves FC,,Portugal,0,1,1,0,1,1,0,1,1,0,0,0
4947,Sepahan FC,,Iran,4,4,8,4,5,9,4,4,8,0.142857,0.034252,0.177109
44138,Izmitspor,,Turkey,1,1,2,1,6,7,1,1,2,0,0,0
4594,AS Leonidiou,,Greece,3,6,9,6,6,12,3,6,9,0,0.012903,0.012903
1415,Teramo Calcio,,Italy,11,16,27,13,28,41,11,16,27,0,0,0
21999,Panthrakikos Komotini U20,,Greece,0,1,1,0,1,1,0,1,1,0,0,0
3494,KRC Genk U19,,Belgium,0,5,5,0,7,7,0,5,5,0,0,0
27204,Zvezda-VA-BGU Minsk,,Belarus,0,2,2,0,2,2,0,2,2,0,0.007849,0.007849
6502,Jeonbuk Hyundai Motors FC,,"Korea, South",5,2,7,5,2,7,5,2,7,0.336048,0,0.336048
392,1.FC Bocholt,,Germany,2,0,2,4,0,4,2,0,2,0,0,0
4688,Gloria Bistrita,,Romania,2,9,11,2,9,11,2,9,11,0,0.850097,0.850097
831,Arminia Bielefeld II,,Germany,0,1,1,0,2,2,0,1,1,0,0,0
16834,Mustafakemalpasaspor,,Turkey,1,2,3,1,2,3,1,2,3,0,0,0
5379,FC Augsburg II,,Germany,0,1,1,0,1,1,0,1,1,0,0,0
7475,AE Pafos,,Cyprus,12,8,20,17,9,26,12,8,20,0,0,0
46807,SK Zapy,,Czech Republic,4,3,7,4,3,7,4,3,7,0,0,0
11741,Dinamo Moscow II,,Russia,3,4,7,3,4,7,3,4,7,0,0,0
6806,FK Rudar Ugljevik,,Bosnia-Herzegovina,1,1,2,1,1,2,1,1,2,0,0,0
40523,NPGU Makiivka,,Ukraine,1,0,1,1,0,1,1,0,1,0,0,0
3694,AFC Telford United,,England,1,2,3,1,2,3,1,2,3,0,0,0
21168,Wisconsin Badgers (University of Wisconsin),,United States,0,1,1,0,1,1,0,1,1,0,0,0
3268,Casa Pia AC,,Portugal,1,6,7,3,26,29,1,6,7,0,0,0
1055,Enköpings SK,,Sweden,1,0,1,1,0,1,1,0,1,0,0,0
2795,Raith Rovers FC,,Scotland,3,3,6,3,3,6,3,3,6,0,0.044713,0.044713
4616,Anagennisi Artas,,Greece,4,2,6,5,2,7,4,2,6,0,0.021006,0.021006
3732,Hellerup IK,,Denmark,1,0,1,1,0,1,1,0,1,0,0,0
8427,Royal Cappellen FC,,Belgium,7,4,11,11,6,17,7,4,11,0,0,0
3862,VfL Bochum U19,,Germany,1,2,3,1,3,4,1,2,3,0,0,0
18154,VV Gemert,,Netherlands,2,0,2,2,0,2,2,0,2,0,0,0
20070,FK Slovan Duslo Sala,,Slovakia,2,1,3,3,2,5,2,1,3,0,0,0
9811,Deportivo Pereira,,Colombia,2,2,4,2,2,4,2,2,4,0.104651,0,0.104651
65965,Lotto-MKM Moskau,,Russia,1,1,2,1,1,2,1,1,2,0,0,0
18018,Zamora FC,,Venezuela,1,5,6,1,5,6,1,5,6,0,0.209247,0.209247
4604,AS Edessaikos,,Greece,1,1,2,1,2,3,1,1,2,0,0,0
32624,CF Torre Levante,,Spain,1,0,1,1,0,1,1,0,1,0,0,0
56729,TVEC Les Sables,,France,1,0,1,1,0,1,1,0,1,0,0,0
27244,Trindade Atlético Clube (GO),,Brazil,1,0,1,1,0,1,1,0,1,0,0,0
10426,Estrela do Norte Futebol Clube (ES),,Brazil,0,1,1,0,1,1,0,1,1,0,0,0
4150,AC Cuneo 1905,,Italy,3,10,13,6,18,24,3,10,13,0,0,0
14503,CD 1º de Agosto,,Angola,2,6,8,2,6,8,2,6,8,0,0.079384,0.079384
30698,Hirnyk Kryvyi Rih,,Ukraine,6,3,9,7,5,12,6,3,9,0,0,0
18034,Al-Shabab,,Oman,0,1,1,0,1,1,0,1,1,0,0,0
22810,Torpedo Armavir,,Russia,3,5,8,4,5,9,3,5,8,0,0,0
58049,FC Hermannstadt,,Romania,3,2,5,3,2,5,3,2,5,0,0,0
35415,PAE Eginiakos,,Greece,7,11,18,9,27,36,7,11,18,0,0,0
52519,Barra Futebol Clube (SC),,Brazil,2,0,2,3,0,3,2,0,2,0,0,0
9026,Glentoran FC,,Northern Ireland,2,0,2,2,0,2,2,0,2,0,0,0
6869,Holstein Kiel U19,,Germany,0,1,1,0,1,1,0,1,1,0,0,0
25634,NK Dugo Selo,,Croatia,2,3,5,2,3,5,2,3,5,0,0,0
40456,FK Vereya Stara Zagora,,Bulgaria,2,0,2,2,0,2,2,0,2,0,0,0
21599,Luverdense Esporte Clube (MT),,Brazil,2,0,2,2,0,2,2,0,2,0,0,0
45132,Zonguldakspor,,Turkey,4,3,7,5,3,8,4,3,7,0,0,0
9631,KVC Westerlo U19,,Belgium,0,2,2,0,2,2,0,2,2,0,0.142857,0.142857
56758,SK Beskyd Frenstat pod Radhostem,,Czech Republic,1,1,2,1,1,2,1,1,2,0,0,0
3178,Dalian Shide,,China,6,4,10,6,4,10,6,4,10,0,0.19345,0.19345
42109,Karmiotissa Pano Polemidion,,Cyprus,1,3,4,1,6,7,1,3,4,0,0,0
18545,Centro Sportivo Alagoano (AL),,Brazil,1,3,4,1,4,5,1,3,4,0,0,0
33714,Tianjin Quanjian,,China,2,2,4,2,2,4,2,2,4,3.619048,1.481481,5.100529
20655,NK Grobnican,,Croatia,4,2,6,5,6,11,4,2,6,0,0,0
17485,CA 3 de Febrero,,Paraguay,3,0,3,3,0,3,3,0,3,0,0,0
12372,Zorya Lugansk II,,Ukraine,1,1,2,1,1,2,1,1,2,0,0,0
26462,POFK Botev Vratsa,,Bulgaria,3,3,6,3,3,6,3,3,6,0,0.005207,0.005207
17594,Club Atletico Alumni,,Argentina,1,0,1,1,0,1,1,0,1,0,0,0
3738,KSV Bornem,,Belgium,5,1,6,7,1,8,5,1,6,0,0,0
25445,Bangkok United,,Thailand,2,1,3,2,1,3,2,1,3,0,0,0
6677,ILTEX Lyki,,Greece,2,4,6,3,4,7,2,4,6,0,0,0
37882,Aurora Seriate,,Italy,1,0,1,1,0,1,1,0,1,0,0,0
8490,Cizrespor 1972,,Turkey,1,3,4,1,4,5,1,3,4,0,0,0
21332,HNK Slaven Gruda,,Croatia,1,0,1,1,0,1,1,0,1,0,0,0
33203,Celaya FC,,Mexico,1,0,1,1,0,1,1,0,1,0,0,0
13473,Yeni Nazillispor,,Turkey,5,7,12,5,10,15,5,7,12,0,0,0
4633,FK Novi Pazar,,Serbia,1,2,3,1,2,3,1,2,3,0,0,0
9796,Karvan Yevlakh,,Azerbaijan,5,0,5,5,0,5,5,0,5,0,0,0
18420,SV Sachsenburg,,Austria,1,0,1,1,0,1,1,0,1,0,0,0
3270,Ipatinga Futebol Clube,,Brazil,3,7,10,3,10,13,3,7,10,0,0.039474,0.039474
29281,FK Morshyn,,Ukraine,2,1,3,2,1,3,2,1,3,0,0,0
23162,CD San Marcos de Arica,,Chile,2,2,4,2,2,4,2,2,4,0,0,0
5623,Monarcas Morelia,,Mexico,1,5,6,1,5,6,1,5,6,0,0.676367,0.676367
3173,Belediye Vanspor,,Turkey,4,4,8,5,5,10,4,4,8,0,0,0
21637,Akademia Togliatti,,Russia,1,3,4,1,4,5,1,3,4,0,0.047619,0.047619
26614,Yelimay Semipalatinsk,,Kazakhstan,0,1,1,0,1,1,0,1,1,0,0,0
24526,FC Slovan Galanta,,Slovakia,1,1,2,1,1,2,1,1,2,0,0,0
19109,AC Mezzocorona,,Italy,1,7,8,1,7,8,1,7,8,0,0,0
36755,Isloch Minskiy Rayon,,Belarus,0,2,2,0,2,2,0,2,2,0,0,0
10005,SC Mirandela,,Portugal,4,6,10,5,13,18,4,6,10,0,0,0
39884,Beijing Kuanli,,China,1,0,1,1,0,1,1,0,1,0,0,0
3532,Prykarpattia Ivano-Frankivsk,,Ukraine,9,7,16,11,7,18,9,7,16,0,0,0
38189,Khaitan Sporting Club,,Kuwait,0,1,1,0,1,1,0,1,1,0,0,0
3612,Al Ahli Sports Club,,Qatar,8,8,16,9,8,17,8,8,16,0,0,0
6642,CD Chivas USA,,United States,4,4,8,4,4,8,4,4,8,0,0.300934,0.300934
7118,SC Vila Real,,Portugal,0,2,2,0,7,7,0,2,2,0,0,0
6160,De Treffers,,Netherlands,7,2,9,9,2,11,7,2,9,0,0,0
13484,ASDC Gozzano,,Italy,3,2,5,4,2,6,3,2,5,0,0,0
19744,Arsenal Kharkiv,,Ukraine,2,4,6,6,10,16,2,4,6,0,0,0
2997,1.FC Bad Kötzting,,Germany,1,0,1,5,0,5,1,0,1,0,0,0
12748,EA Guingamp B,,France,0,3,3,0,3,3,0,3,3,0,0,0
11102,NK Mladost Cernik,,Croatia,2,2,4,3,2,5,2,2,4,0,0,0
42836,AKA Vorarlberg U16,,Austria,0,1,1,0,2,2,0,1,1,0,0,0
19042,FC Pisek,,Czech Republic,5,1,6,13,3,16,5,1,6,0,0,0
4383,Austria Vienna Reserves,,Austria,5,9,14,7,15,22,5,9,14,0,0,0
6304,KSV Oudenaarde,,Belgium,6,4,10,9,4,13,6,4,10,0.026316,0,0.026316
31010,Akritas Chlorakas,,Cyprus,1,0,1,1,0,1,1,0,1,0,0,0
628,FK Velez Mostar,,Bosnia-Herzegovina,5,2,7,6,2,8,5,2,7,0,0.004348,0.004348
56669,Odra Petřkovice,,Czech Republic,1,2,3,1,4,5,1,2,3,0,0,0
3512,ASD Castel di Sangro,,Italy,6,5,11,6,6,12,6,5,11,0,0.040058,0.040058
12069,Volga-1908 Tver,,Russia,0,1,1,0,1,1,0,1,1,0,0,0
4011,Vyzas Megaron,,Greece,5,9,14,9,12,21,5,9,14,0,0,0
6611,FSA Austria Wien U19,,Austria,0,4,4,0,4,4,0,4,4,0,0,0
12794,NK Podravina Ludbreg,,Croatia,1,3,4,1,5,6,1,3,4,0,0,0
21429,SV Lebring,,Austria,2,0,2,2,0,2,2,0,2,0,0,0
201,King Faisal FC,,Ghana,1,4,5,1,4,5,1,4,5,0,0,0
3451,FK Leotar Trebinje,,Bosnia-Herzegovina,1,3,4,1,4,5,1,3,4,0,0,0
1781,Afyonkarahisarspor,,Turkey,2,2,4,2,2,4,2,2,4,0,0,0
15069,Esporte Clube Juventude U20,,Brazil,0,3,3,0,4,4,0,3,3,0,0.026596,0.026596
1820,Okwawu Stores United Nkawkaw,,Ghana,2,1,3,2,1,3,2,1,3,0,0,0
4163,US Fiorenzuola 1922,,Italy,0,4,4,0,4,4,0,4,4,0,0,0
6089,Casarano Calcio,,Italy,1,2,3,1,2,3,1,2,3,0,0,0
3455,Forest Green Rovers,,England,3,0,3,3,0,3,3,0,3,0,0,0
8616,AC Marinhense,,Portugal,2,0,2,2,0,2,2,0,2,0,0,0
3489,Boston United,,England,2,6,8,2,8,10,2,6,8,0,0,0
18481,CD Alcains,,Portugal,1,1,2,1,1,2,1,1,2,0,0,0
31506,Atlético Madrid U19,,Spain,1,2,3,1,2,3,1,2,3,0,0,0
14554,Club Atlético Tucumán,,Argentina,0,1,1,0,1,1,0,1,1,0,0,0
33141,FK Kalush,,Ukraine,2,1,3,4,1,5,2,1,3,0,0,0
37755,CD Real Sociedad,,Honduras,1,1,2,1,1,2,1,1,2,0,0,0
31367,Chester FC,,England,0,3,3,0,3,3,0,3,3,0,0.00652,0.00652
14604,Deportes Concepción,,Chile,2,0,2,2,0,2,2,0,2,0,0,0
11755,CSKA Moscow II,,Russia,10,9,19,14,9,23,10,9,19,0,0,0
17428,Juventud de Las Piedras,,Uruguay,1,2,3,1,2,3,1,2,3,0,0.302401,0.302401
22993,Fleet Town FC,,England,1,0,1,1,0,1,1,0,1,0,0,0
2150,Al-Ain FC,,United Arab Emirates,11,10,21,11,11,22,11,10,21,4.470048,0.131579,4.601627
25218,US Sanvitese,,Italy,1,0,1,2,0,2,1,0,1,0,0,0
38485,Hamitköy SK,,Cyprus,0,1,1,0,1,1,0,1,1,0,0,0
14543,Grasshopper Club Zürich U18,,Switzerland,0,1,1,0,1,1,0,1,1,0,0.013116,0.013116
9708,CD Motagua Tegucigalpa,,Honduras,0,2,2,0,3,3,0,2,2,0,0,0
18940,FC Knokke,,Belgium,4,2,6,4,2,6,4,2,6,0,0,0
34857,Muscat FC,,Oman,1,0,1,1,0,1,1,0,1,0,0,0
6549,VV De Bataven Gendt,,Netherlands,1,0,1,1,0,1,1,0,1,0,0,0
4670,Lokomotiva Kosice,,Slovakia,2,0,2,3,0,3,2,0,2,0,0,0
14715,1.FC Doppeltest,,Germany,2,0,2,2,0,2,2,0,2,0,0,0
6880,Tacuary Fútbol Club,,Paraguay,3,3,6,4,3,7,3,3,6,0,0,0
2943,FC Hertha 03 Zehlendorf,,Germany,0,1,1,0,1,1,0,1,1,0,0,0
22443,Edirnespor,,Turkey,0,1,1,0,1,1,0,1,1,0,0,0
3987,Aetos Skydras,,Greece,0,4,4,0,4,4,0,4,4,0,0.001924,0.001924
3595,Ismaily SC,,Egypt,3,5,8,5,6,11,3,5,8,0.131579,0.965468,1.097047
10391,Eastleigh FC,,England,3,2,5,4,2,6,3,2,5,0,0,0
6190,Swit Nowy Dwor Mazowiecki,,Poland,1,2,3,1,2,3,1,2,3,0,0,0
21507,Lokomotiv 2 Moskow,,Russia,4,2,6,4,2,6,4,2,6,0,0,0
1405,FV Dresden 06 Laubegast,,Germany,2,0,2,2,0,2,2,0,2,0,0,0
14295,Metalurg Donetsk U19,,Ukraine,0,1,1,0,1,1,0,1,1,0,0,0
14909,Ascoli Picchio Primavera,,Italy,0,1,1,0,1,1,0,1,1,0,0,0
39883,Aksarayspor,,Turkey,2,1,3,2,2,4,2,1,3,0,0,0
43309,Colorno Calcio,,Italy,1,1,2,1,1,2,1,1,2,0,0,0
10824,RC Lens U19,,France,0,2,2,0,2,2,0,2,2,0,0,0
14701,Santos FC B,,Brazil,0,2,2,0,2,2,0,2,2,0,0,0
14857,Racing Club II,,Argentina,0,1,1,0,1,1,0,1,1,0,0,0
13607,Liberty Professionals Accra,,Ghana,6,10,16,6,12,18,6,10,16,0,0,0
17580,Hapoel Jerusalem,,Israel,0,1,1,0,1,1,0,1,1,0,0,0
2714,FC Zimbru Chisinau,,Moldova,10,17,27,11,20,31,10,17,27,0,0.104916,0.104916
15150,Bilecikspor,,Turkey,0,2,2,0,3,3,0,2,2,0,0,0
3166,Pau FC,,France,7,8,15,7,11,18,7,8,15,0,0,0
21888,AO Agiou Ierotheou,,Greece,0,1,1,0,2,2,0,1,1,0,0,0
10645,Mighty Barrolle,,Liberia,1,0,1,1,0,1,1,0,1,0,0,0
8432,FC Pampilhosa,,Portugal,3,4,7,4,6,10,3,4,7,0,0,0
24384,Itala San Marco Gradisca,,Italy,1,1,2,1,1,2,1,1,2,0,0,0
35488,MFK Skalica,,Slovakia,1,2,3,1,2,3,1,2,3,0,0,0
37573,Chalkanoras Idaliou,,Cyprus,0,1,1,0,1,1,0,1,1,0,0,0
1515,Zonguldak Kömürspor,,Turkey,3,1,4,3,2,5,3,1,4,0,0,0
8424,Vilaverdense FC,,Portugal,1,3,4,1,5,6,1,3,4,0,0,0
5619,Aalesunds FK,,Norway,7,8,15,7,9,16,7,8,15,0.081395,0.854701,0.936096
9844,FC Porto U19,,Portugal,0,5,5,0,6,6,0,5,5,0,0.119048,0.119048
2881,GVAV Rapiditas,,Netherlands,0,1,1,0,1,1,0,1,1,0,0,0
21942,Pyrsos Grevenon,,Greece,0,5,5,0,5,5,0,5,5,0,0,0
22936,IZK Khémisset,,Morocco,2,0,2,2,0,2,2,0,2,0,0,0
9627,Ethnikos Alexandroupolis,,Greece,6,2,8,8,2,10,6,2,8,0,0,0
2038,Sogndal IL,,Norway,2,1,3,2,1,3,2,1,3,0,0,0
14702,Fluminense Football Club U20,,Brazil,4,1,5,4,1,5,4,1,5,0,0.121345,0.121345
3601,Hearts of Oak,,Ghana,3,4,7,4,4,8,3,4,7,0,0,0
32040,Uniautónoma FC,,Colombia,0,1,1,0,1,1,0,1,1,0,0,0
4320,SC/ESV Parndorf,,Austria,6,5,11,11,5,16,6,5,11,0,0,0
14632,Aias Salaminas,,Greece,4,1,5,5,1,6,4,1,5,0,0,0
17314,Club Deportivo San José,,Bolivia,0,1,1,0,1,1,0,1,1,0,0,0
4720,Deportivo Saprissa,,Costa Rica,6,9,15,7,9,16,6,9,15,0,0.623716,0.623716
15875,Beijing Hongdeng FC,,China,2,2,4,2,2,4,2,2,4,0.010196,0,0.010196
12533,Chonburi FC,,Thailand,2,1,3,2,1,3,2,1,3,0,0,0
15466,Sport Club Internacional B,,Brazil,1,7,8,1,8,9,1,7,8,0,0.921053,0.921053
11133,Tampereen Peli-Pojat-70,,Finland,1,0,1,1,0,1,1,0,1,0,0,0
11060,NK Krizevci,,Croatia,1,3,4,2,5,7,1,3,4,0,0,0
37993,Watford FC U23,,England,2,0,2,2,0,2,2,0,2,0,0,0
13649,Mash'al Mubarek,,Uzbekistan,1,1,2,1,1,2,1,1,2,0,0,0
39054,Algarve United Futebol,,Portugal,1,0,1,1,0,1,1,0,1,0,0,0
3233,Pécsi MFC,,Hungary,4,6,10,4,6,10,4,6,10,0,0,0
9178,FC St. Gallen 1879 U21,,Switzerland,0,2,2,0,2,2,0,2,2,0,0,0
37742,ASA Parnassos,,Greece,1,0,1,1,0,1,1,0,1,0,0,0
11372,NK Vrbovec,,Croatia,3,4,7,3,4,7,3,4,7,0,0,0
6065,Cork City FC (diss. 2009),,Ireland,0,4,4,0,5,5,0,4,4,0,0.298514,0.298514
18850,MSK Breclav,,Czech Republic,3,3,6,3,5,8,3,3,6,0,0,0
36655,Beijing Sangao,,China,0,1,1,0,1,1,0,1,1,0,0,0
2190,PFC Belasica Petrich,,Bulgaria,2,2,4,2,2,4,2,2,4,0,0,0
1212,Eintracht Braunschweig II,,Germany,0,2,2,0,2,2,0,2,2,0,0,0
15474,68 Yeni Aksarayspor,,Turkey,0,1,1,0,1,1,0,1,1,0,0,0
6930,Manchester City U18,,England,0,3,3,0,3,3,0,3,3,0,0.352853,0.352853
14523,Club Atlético Central Córdoba (Cba),,Argentina,1,0,1,1,0,1,1,0,1,0,0,0
10776,ASC Le Geldar,,French Guiana,1,0,1,1,0,1,1,0,1,0,0,0
41133,FC Saburtalo,,Georgia,1,2,3,1,2,3,1,2,3,0,0,0
39798,Ayvalikgücü Belediyespor,,Turkey,0,1,1,0,1,1,0,1,1,0,0,0
41344,Acheloos Neochoriou,,Greece,0,1,1,0,1,1,0,1,1,0,0,0
19396,Zulia FC,,Venezuela,1,2,3,1,2,3,1,2,3,0,0.233468,0.233468
33627,FK Mladost Doboj-Kakanj,,Bosnia-Herzegovina,4,3,7,5,3,8,4,3,7,0,0,0
10969,Villa Rio Esporte Clube (RJ),,Brazil,9,0,9,9,0,9,9,0,9,0,0,0
22705,WSC Waalwijk,,Netherlands,1,0,1,1,0,1,1,0,1,0,0,0
22477,Spartakus Szarowola,,Poland,2,1,3,2,1,3,2,1,3,0,0,0
47962,Dragon Force FC Porto,,Portugal,0,1,1,0,1,1,0,1,1,0,0,0
25230,Bayrampasa,,Turkey,4,4,8,5,7,12,4,4,8,0,0,0
8533,Sichuan FC,,China,2,1,3,2,1,3,2,1,3,0,0,0
3554,SV Rohrbach,,Austria,2,1,3,3,1,4,2,1,3,0,0,0
34230,Syzran-2003,,Russia,2,1,3,2,1,3,2,1,3,0,0,0
2979,Bendel Insurance,,Nigeria,2,4,6,2,4,6,2,4,6,0,0.078947,0.078947
848,1.FC Union Solingen,,Germany,1,0,1,1,0,1,1,0,1,0,0,0
12452,Kahramanmarasspor,,Turkey,3,7,10,3,12,15,3,7,10,0,0,0
2470,FC Barcelona U19,,Spain,1,8,9,1,8,9,1,8,9,0,1.752201,1.752201
6269,PANO Malion,,Greece,2,2,4,4,5,9,2,2,4,0,0,0
54498,Sicula Leonzio,,Italy,1,2,3,1,2,3,1,2,3,0,0,0
23088,Airbus UK Broughton FC,,Wales,0,2,2,0,2,2,0,2,2,0,0,0
46933,Castelvetro Calcio,,Italy,2,1,3,3,1,4,2,1,3,0,0,0
12561,Al-Riffa SC,,Bahrain,1,1,2,1,1,2,1,1,2,0,0,0
37535,Club Atlético Torque,,Uruguay,3,0,3,3,0,3,3,0,3,0,0,0
17964,Botafogo Futebol Clube (PB),,Brazil,0,1,1,0,1,1,0,1,1,0,0,0
22266,ASD OltrepòVoghera,,Italy,1,1,2,1,3,4,1,1,2,0,0,0
12345,Erzincanspor,,Turkey,1,3,4,1,5,6,1,3,4,0,0,0
37961,Kahramanmaras Belediyespor,,Turkey,2,1,3,2,1,3,2,1,3,0,0,0
18578,CSD Xelajú MC,,Guatemala,1,0,1,1,0,1,1,0,1,0,0,0
4260,Petkimspor,,Turkey,1,3,4,2,3,5,1,3,4,0,0,0
54354,Union Feltre,,Italy,0,1,1,0,1,1,0,1,1,0,0,0
248,SpVgg Bayern Hof,,Germany,1,1,2,1,1,2,1,1,2,0,0,0
4941,Club León FC,,Mexico,2,1,3,2,1,3,2,1,3,0.657895,0.12237,0.780265
13333,FC Strizkov Prag,,Czech Republic,1,2,3,1,2,3,1,2,3,0,0,0
4421,Lisburn Distillery FC,,Northern Ireland,1,0,1,1,0,1,1,0,1,0,0,0
10199,FC Kilikia Erewan,,Armenia,2,2,4,3,3,6,2,2,4,0,0,0
34515,NK Mladost Zabok,,Croatia,2,0,2,2,0,2,2,0,2,0,0,0
25393,ASPIRE Academy,,Qatar,0,2,2,0,3,3,0,2,2,0,0,0
37372,Al-Shoalah FC,,Saudi Arabia,1,0,1,1,0,1,1,0,1,0,0,0
43464,Daejeon Korail FC,,"Korea, South",1,1,2,1,1,2,1,1,2,0,0,0
50525,Rubin Yalta,,Russia,0,1,1,0,1,1,0,1,1,0,0,0
44222,American Eagles (American University),,United States,0,1,1,0,1,1,0,1,1,0,0,0
39711,ACD Campodarsego,,Italy,0,1,1,0,1,1,0,1,1,0,0.007407,0.007407
6560,Zaglebie Sosnowiec,,Poland,3,1,4,3,1,4,3,1,4,0,0.017094,0.017094
521,OFK Pirin Blagoevgrad,,Bulgaria,0,2,2,0,2,2,0,2,2,0,0,0
52640,FK Olympia Radotin,,Czech Republic,4,6,10,4,6,10,4,6,10,0,0,0
1821,NK Uskok Klis,,Croatia,2,3,5,2,4,6,2,3,5,0,0,0
27683,Vigor Lamezia Youth,,Italy,0,1,1,0,1,1,0,1,1,0,0,0
2892,KSK Hoboken,,Belgium,1,0,1,2,0,2,1,0,1,0,0,0
548,SV Wörgl,,Austria,3,3,6,3,9,12,3,3,6,0,0,0
10317,HNK Zmaj Makarska,,Croatia,2,5,7,2,6,8,2,5,7,0,0,0
36076,Olympiakos Loutrakiou,,Greece,2,1,3,2,1,3,2,1,3,0,0,0
11648,Independiente Santa Fe,,Colombia,5,5,10,5,5,10,5,5,10,0,0.505066,0.505066
57141,FK Svit,,Slovakia,1,0,1,1,0,1,1,0,1,0,0,0
4585,Anagennisi Karditsas,,Greece,9,15,24,11,32,43,9,15,24,0,0.004971,0.004971
19114,Sassuolo Primavera,,Italy,1,2,3,1,2,3,1,2,3,0,0,0
6878,Bolívar La Paz,,Bolivia,2,4,6,2,4,6,2,4,6,0,0,0
4394,Dnepr-Transmash Mogilev,,Belarus,5,5,10,5,6,11,5,5,10,0,0.050559,0.050559
8065,SG Sacavenense,,Portugal,0,2,2,0,3,3,0,2,2,0,0,0
6076,Foolad FC,,Iran,6,3,9,8,3,11,6,3,9,0.081043,0,0.081043
261,Tervarit Oulu,,Finland,0,1,1,0,1,1,0,1,1,0,0.019355,0.019355
5679,Arsenal FC U18,,England,1,5,6,1,7,8,1,5,6,0,0.25,0.25
8794,Esporte Clube Novo Hamburgo (RS),,Brazil,1,0,1,1,0,1,1,0,1,0,0,0
13225,CF Reus Deportiu,,Spain,10,9,19,10,9,19,10,9,19,0,0,0
19538,Union Dietach,,Austria,1,0,1,1,0,1,1,0,1,0,0,0
17596,FC Utrecht U21,,Netherlands,4,4,8,4,6,10,4,4,8,0,0,0
27245,NK Borac Imbriovec,,Croatia,1,0,1,1,0,1,1,0,1,0,0,0
12278,AC Le Havre U19,,France,0,1,1,0,1,1,0,1,1,0,0.543478,0.543478
14078,Alianza Fútbol Club,,El Salvador,1,1,2,1,1,2,1,1,2,0,0,0
21597,Eordaikos 2007,,Greece,4,1,5,4,2,6,4,1,5,0,0,0
242,FC Winterthur,,Switzerland,3,4,7,3,5,8,3,4,7,0,0,0
48325,Riga FC,,Latvia,2,4,6,3,4,7,2,4,6,0,0,0
7060,AO Agias Paraskevis,,Greece,3,4,7,4,5,9,3,4,7,0,0.007465,0.007465
1247,Colorado Rapids,,United States,8,3,11,8,3,11,8,3,11,0,0,0
965,Qatar Sports Club,,Qatar,10,4,14,10,4,14,10,4,14,0.305925,0,0.305925
12817,NK Kustosija Zagreb,,Croatia,3,3,6,4,11,15,3,3,6,0,0,0
10667,FK Rudar Kakanj,,Bosnia-Herzegovina,0,1,1,0,1,1,0,1,1,0,0,0
444,Boldklubben Frem,,Denmark,0,5,5,0,5,5,0,5,5,0,0.064826,0.064826
9804,FC Rupel Boom,,Belgium,4,2,6,6,6,12,4,2,6,0,0,0
2879,Be Quick 1887,,Netherlands,1,0,1,1,0,1,1,0,1,0,0,0
38632,Ashington AFC,,England,1,0,1,1,0,1,1,0,1,0,0,0
3083,Standaard Wetteren,,Belgium,7,3,10,13,3,16,7,3,10,0,0,0
12412,Chornomorets Odessa II,,Ukraine,3,2,5,4,2,6,3,2,5,0,0.003113,0.003113
11900,Mixto Esporte Clube (MT),,Brazil,1,2,3,1,2,3,1,2,3,0,0,0
36630,Hebei China Fortune,,China,9,2,11,10,2,12,9,2,11,6.470179,0.148148,6.618327
46736,KRC Genk II,,Belgium,1,2,3,1,3,4,1,2,3,0,0,0
12439,Volga Uljanovsk,,Russia,0,3,3,0,3,3,0,3,3,0,0,0
38047,Pydna Kitrous,,Greece,0,1,1,0,2,2,0,1,1,0,0,0
16220,Resende Futebol Clube (RJ),,Brazil,2,3,5,2,3,5,2,3,5,0,0,0
37029,FK Dolgoprudnyi,,Russia,0,1,1,0,1,1,0,1,1,0,0,0
67241,Urozhay Krasnodar,,Russia,2,0,2,2,0,2,2,0,2,0,0,0
6170,KÍ Klaksvík,,Faroe Island,0,1,1,0,1,1,0,1,1,0,0,0
2030,Sekondi Hasaacas FC,,Ghana,1,0,1,1,0,1,1,0,1,0,0,0
14579,ZESCO United FC,,Zambia,0,2,2,0,2,2,0,2,2,0,0.023256,0.023256
7057,Associação Atlética Portuguesa (SP),,Brazil,2,4,6,2,4,6,2,4,6,0,0,0
5968,Daugava Riga (bis 2010),,Latvia,0,1,1,0,1,1,0,1,1,0,0,0
564,Würzburger FV,,Germany,0,1,1,0,1,1,0,1,1,0,0,0
18234,Wadi Degla FC,,Egypt,2,1,3,13,2,15,2,1,3,0,0,0
17445,SK Horni Mecholupy,,Czech Republic,2,1,3,2,1,3,2,1,3,0,0,0
12869,Nantwich Town FC,,England,1,1,2,2,2,4,1,1,2,0,0,0
38497,Toulouse Rodéo Football Club,,France,0,1,1,0,1,1,0,1,1,0,0,0
16869,Ypiranga Futebol Clube (RS),,Brazil,2,0,2,2,0,2,2,0,2,0,0,0
3537,Crawley Town,,England,5,9,14,6,12,18,5,9,14,0,0.088137,0.088137
318,Ruch Chorzow,,Poland,5,9,14,5,9,14,5,9,14,0,0.404115,0.404115
3171,Berchem Sport,,Belgium,5,3,8,6,4,10,5,3,8,0,0,0
16049,FC Götzis,,Austria,1,0,1,1,0,1,1,0,1,0,0,0
12502,Alicante CF,,Spain,5,3,8,6,3,9,5,3,8,0,0,0
47264,Vallicisa 2000 Gs Succisa,,Italy,1,0,1,1,0,1,1,0,1,0,0,0
41194,FK Krasnodar 2,,Russia,2,1,3,3,1,4,2,1,3,0,0,0
8737,Kmita Zabierzów,,Poland,0,1,1,0,1,1,0,1,1,0,0,0
7393,Rohda Raalte,,Netherlands,1,0,1,1,0,1,1,0,1,0,0,0
6045,Sydney United,,Australia,3,2,5,4,3,7,3,2,5,0,0,0
5369,1.FSV Mainz 05 U19,,Germany,0,2,2,0,2,2,0,2,2,0,0,0
6807,FK Slavija Sarajevo,,Bosnia-Herzegovina,4,5,9,4,5,9,4,5,9,0,0,0
16595,MVD Rossii Moskau,,Russia,2,1,3,3,2,5,2,1,3,0,0,0
25737,Virtus Castelfranco,,Italy,1,2,3,1,3,4,1,2,3,0,0,0
13903,MSK Rimavska Sobota,,Slovakia,2,3,5,2,4,6,2,3,5,0,0,0
4556,Arminia Bielefeld U19,,Germany,0,1,1,0,1,1,0,1,1,0,0.185185,0.185185
14569,FC Cape Town,,South Africa,1,1,2,2,2,4,1,1,2,0,0.08547,0.08547
1125,Brisbane Strikers FC,,Australia,1,2,3,1,2,3,1,2,3,0.141304,0,0.141304
8813,Barton Rovers,,England,0,1,1,0,1,1,0,1,1,0,0.004938,0.004938
11123,Mashuk-KMV Pyatigorsk,,Russia,2,4,6,2,4,6,2,4,6,0,0,0
29397,AO Giouchtas,,Greece,2,1,3,4,1,5,2,1,3,0,0,0
22931,FK Stavropolje-2009,,Russia,0,1,1,0,1,1,0,1,1,0,0,0
11259,CD Alcoyano,,Spain,3,5,8,3,5,8,3,5,8,0,0,0
13310,Traktor Tashkent,,Uzbekistan,2,0,2,2,0,2,2,0,2,0,0,0
3901,RACS Couillet,,Belgium,6,1,7,9,1,10,6,1,7,0,0,0
18291,ASV Siegendorf,,Austria,1,1,2,1,1,2,1,1,2,0,0,0
1774,FC Mulhouse 2000,,France,0,1,1,0,1,1,0,1,1,0,0,0
13645,KS Lushnja,,Albania,0,1,1,0,1,1,0,1,1,0,0,0
12019,FK Astana 1964,,Kazakhstan,6,3,9,8,3,11,6,3,9,0,0,0
2436,Macclesfield Town,,England,2,8,10,2,10,12,2,8,10,0,0,0
3497,RSC Charleroi U19,,Belgium,0,3,3,0,3,3,0,3,3,0,0,0
44706,SV Voorwaarts Twello,,Netherlands,1,0,1,1,0,1,1,0,1,0,0,0
4519,SC Enschede,,Netherlands,1,0,1,1,0,1,1,0,1,0,0,0
27520,ASD Fortis Juventus 1909,,Italy,0,2,2,0,3,3,0,2,2,0,0,0
25449,Buriram United,,Thailand,6,3,9,6,3,9,6,3,9,0.055286,0.09901,0.154296
14621,NK Zvijezda Gradacac,,Bosnia-Herzegovina,3,5,8,3,5,8,3,5,8,0,0.010638,0.010638
7446,ASK Köflach,,Austria,0,1,1,0,1,1,0,1,1,0,0,0
2294,Landskrona BoIS,,Sweden,5,5,10,5,5,10,5,5,10,0,0.463158,0.463158
20707,Corluspor,,Turkey,1,3,4,1,3,4,1,3,4,0,0,0
8700,Anagennisi Ierapetras,,Greece,0,3,3,0,3,3,0,3,3,0,0,0
24973,ES Bingerville,,Cote d'Ivoire,0,1,1,0,1,1,0,1,1,0,0,0
14190,Rayon Sports FC,,Rwanda,2,2,4,2,2,4,2,2,4,0,0,0
12414,Dnipro Dnipropetrovsk II,,Ukraine,3,6,9,6,7,13,3,6,9,0,0,0
12764,Olympique Lyon B,,France,0,9,9,0,10,10,0,9,9,0,0.626628,0.626628
8877,Athletic Eskilstuna,,Sweden,4,2,6,4,2,6,4,2,6,0,0,0
7056,CD Mafra,,Portugal,9,10,19,16,20,36,9,10,19,0,0,0
19588,KV Woluwe Zaventem,,Belgium,3,3,6,5,6,11,3,3,6,0,0,0
6363,Audax Italiano,,Chile,4,7,11,4,8,12,4,7,11,0,1.693029,1.693029
31000,Yongin City FC,,"Korea, South",1,0,1,1,0,1,1,0,1,0,0,0
15038,Clube Atlético Paranaense U20,,Brazil,0,1,1,0,1,1,0,1,1,0,0,0
20658,NK Rastane,,Croatia,2,3,5,9,10,19,2,3,5,0,0,0
2254,AC Pro Sesto,,Italy,5,6,11,5,8,13,5,6,11,0,0,0
4644,FC Shkupi,,North Macedonia,4,4,8,4,4,8,4,4,8,0,0.005207,0.005207
7656,Sportivo Luqueño,,Paraguay,1,6,7,1,7,8,1,6,7,0,0.259259,0.259259
8878,AD Valonguense,,Portugal,0,1,1,0,1,1,0,1,1,0,0,0
24564,Guria Lanchkhuti,,Georgia,1,2,3,1,2,3,1,2,3,0,0,0
18687,Atlético Baleares,,Spain,4,5,9,4,5,9,4,5,9,0,0,0
16107,NK Tondach Bedekovcina,,Croatia,0,1,1,0,1,1,0,1,1,0,0,0
17025,Niger Tornadoes,,Nigeria,1,2,3,1,2,3,1,2,3,0,0,0
34649,GSD RapalloBogliasco,,Italy,1,1,2,1,1,2,1,1,2,0,0,0
5295,Alemannia Aachen U19,,Germany,0,3,3,0,3,3,0,3,3,0,0,0
11140,ATSV Stadl-Paura,,Austria,0,1,1,0,1,1,0,1,1,0,0,0
11124,Spartak-MZK Ryazan,,Russia,2,0,2,2,0,2,2,0,2,0,0,0
11932,Associação Desportiva Cabofriense (RJ),,Brazil,2,4,6,2,4,6,2,4,6,0,0.025974,0.025974
2440,D.C. United,,United States,9,7,16,10,7,17,9,7,16,0.095238,0.052632,0.14787
57890,FK Sabail,,Azerbaijan,2,1,3,2,1,3,2,1,3,0,0,0
9802,FC Le Mans B,,France,2,2,4,2,2,4,2,2,4,0,0,0
2781,FC Artmedia Bratislava,,Slovakia,13,12,25,22,16,38,13,12,25,0.118421,0.429154,0.547575
16439,São Bernardo Futebol Clube (SP),,Brazil,2,4,6,2,4,6,2,4,6,0,0,0
25952,CS Norte América,,Ecuador,1,0,1,1,0,1,1,0,1,0,0,0
6119,Clube Operário Desportivo,,Portugal,3,4,7,4,6,10,3,4,7,0,0,0
35141,New Edubiase United,,Ghana,0,1,1,0,1,1,0,1,1,0,0,0
14344,FC Ulisses Yerevan,,Armenia,1,1,2,1,1,2,1,1,2,0,0,0
3550,SC Kapellen-Erft,,Germany,1,0,1,1,0,1,1,0,1,0,0,0
14237,JS Tenere Niamey,,Niger,0,1,1,0,1,1,0,1,1,0,0,0
18352,FC Ranchers Bee,,Nigeria,0,1,1,0,1,1,0,1,1,0,0,0
1734,ČSK Uherský Brod,,Czech Republic,1,1,2,1,1,2,1,1,2,0,0,0
8009,NK Val,,Croatia,3,3,6,9,3,12,3,3,6,0,0,0
7671,USC Corte,,France,1,1,2,1,2,3,1,1,2,0,0,0
9916,Hawks Banjul FC,,The Gambia,0,2,2,0,2,2,0,2,2,0,0,0
3174,Rio Sport d'Ányama,,Cote d'Ivoire,0,1,1,0,2,2,0,1,1,0,0,0
12376,Araklispor,,Turkey,0,2,2,0,2,2,0,2,2,0,0,0
32013,ASD Lupa Castelli Romani,,Italy,3,7,10,3,8,11,3,7,10,0,0,0
4087,Atletico Catania,,Italy,0,1,1,0,1,1,0,1,1,0,0,0
9599,Spartak Varna,,Bulgaria,2,2,4,2,2,4,2,2,4,0,0,0
6395,Vegalta Sendai,,Japan,2,3,5,2,3,5,2,3,5,0.25974,0.074074,0.333814
3723,Metallurg Lipetsk,,Russia,5,6,11,8,7,15,5,6,11,0,0,0
14461,HNK Cibalia Vinkovci U19,,Croatia,0,2,2,0,2,2,0,2,2,0,0.018564,0.018564
1257,Jeunesse Esch,,Luxembourg,1,0,1,2,0,2,1,0,1,0,0,0
2395,SC YF Juventus Zürich,,Switzerland,3,1,4,3,1,4,3,1,4,0,0,0
1169,Blau-Gelb Laubsdorf,,Germany,1,0,1,1,0,1,1,0,1,0,0,0
26132,UE Llagostera,,Spain,4,3,7,4,3,7,4,3,7,0,0,0
9253,Newcastle United U23,,England,0,1,1,0,1,1,0,1,1,0,0.105263,0.105263
18669,Penya Deportiva Santa Eulalia,,Spain,0,1,1,0,1,1,0,1,1,0,0,0
39277,Chung-Ang University,,"Korea, South",0,2,2,0,2,2,0,2,2,0,0,0
33734,AC Monopoli,,Italy,2,7,9,2,13,15,2,7,9,0,0,0
34326,CCD Santa Eulália Vizela,,Portugal,1,1,2,1,1,2,1,1,2,0,0,0
2890,SR Donaufeld,,Austria,0,1,1,0,1,1,0,1,1,0,0,0
24320,Orhangazi Genclerbirligi,,Turkey,0,2,2,0,2,2,0,2,2,0,0,0
3825,Kettering Town,,England,2,3,5,2,3,5,2,3,5,0,0,0
54,PAS Hamedan,,Iran,1,0,1,1,0,1,1,0,1,0,0,0
12382,Diyarbakir Büyüksehir Belediyespor,,Turkey,4,5,9,6,7,13,4,5,9,0,0,0
3545,Pacy Vallée-d'Eure Football,,France,0,1,1,0,1,1,0,1,1,0,0,0
21800,Deportivo Italchacao,,Venezuela,2,1,3,2,1,3,2,1,3,0,0,0
24240,ASC Niarry Tally,,Senegal,1,1,2,1,1,2,1,1,2,0,0,0
16814,Porto Alegre Futebol Clube (RS),,Brazil,1,2,3,1,2,3,1,2,3,0,0,0
18298,Enerhetyk Burshtyn,,Ukraine,1,4,5,1,4,5,1,4,5,0,0,0
8045,Tampere United,,Finland,4,2,6,4,2,6,4,2,6,0,0,0
27643,Ars et Labor Grottaglie,,Italy,1,0,1,1,0,1,1,0,1,0,0,0
7977,Eolikos Mytilinis,,Greece,8,5,13,13,5,18,8,5,13,0,0,0
16613,Sakhalin Yuzhno-Sakhalinsk,,Russia,2,1,3,3,1,4,2,1,3,0,0,0
42922,CF Cullera,,Spain,1,0,1,1,0,1,1,0,1,0,0,0
31615,AE Iraklio,,Greece,1,1,2,1,1,2,1,1,2,0,0,0
15826,Perak TBG FC,,Malaysia,1,0,1,1,0,1,1,0,1,0,0,0
6500,FC Seoul,,"Korea, South",6,12,18,8,12,20,6,12,18,0.076563,1.594918,1.671481
41756,APD Ribelle 1927,,Italy,1,1,2,1,1,2,1,1,2,0,0,0
8577,FK Drina Zvornik,,Bosnia-Herzegovina,1,1,2,1,1,2,1,1,2,0,0,0
46710,Zira FC,,Azerbaijan,2,4,6,2,4,6,2,4,6,0,0.009524,0.009524
256,LKS Lodz,,Poland,2,3,5,2,3,5,2,3,5,0,0,0
14467,FC Dietikon,,Switzerland,1,0,1,1,0,1,1,0,1,0,0,0
17195,Hatta Club,,United Arab Emirates,2,1,3,2,1,3,2,1,3,0.028571,0,0.028571
19401,Bunyodkor Tashkent,,Uzbekistan,5,4,9,5,5,10,5,4,9,0.232558,0,0.232558
26201,Ebolitana Calcio 1925,,Italy,0,2,2,0,2,2,0,2,2,0,0,0
2833,Meyrin FC,,Switzerland,0,1,1,0,1,1,0,1,1,0,0.012987,0.012987
19536,SV Lafnitz,,Austria,5,1,6,5,1,6,5,1,6,0,0,0
2936,Africa Sports,,Cote d'Ivoire,0,6,6,0,6,6,0,6,6,0,0,0
50651,FC Chibuto,,Mozambique,0,1,1,0,1,1,0,1,1,0,0,0
14699,Sport Club Corinthians Paulista U20,,Brazil,1,1,2,1,1,2,1,1,2,0,0,0
40683,OFC Russel Gabcikovo,,Slovakia,1,0,1,1,0,1,1,0,1,0,0,0
6614,SVV Scheveningen,,Netherlands,4,2,6,8,2,10,4,2,6,0,0,0
3261,ASKÖ Klingenbach,,Austria,1,1,2,1,1,2,1,1,2,0,0,0
18872,FK Mesto Prievidza,,Slovakia,0,4,4,0,4,4,0,4,4,0,0,0
1881,Terrassa FC,,Spain,6,3,9,6,3,9,6,3,9,0,0,0
4599,Vataniakos Katerini,,Greece,2,5,7,2,6,8,2,5,7,0,0.002469,0.002469
5312,AS Mangasport Moanda,,Gabon,0,1,1,0,1,1,0,1,1,0,0.009926,0.009926
26016,Sportlust '46,,Netherlands,1,0,1,1,0,1,1,0,1,0,0,0
245,SC Freiburg II,,Germany,4,5,9,5,5,10,4,5,9,0,0,0
2868,Real Madrid C,,Spain,0,2,2,0,2,2,0,2,2,0,0,0
11294,CSO Amneville,,France,3,0,3,3,0,3,3,0,3,0,0,0
11976,CS Fola Esch,,Luxembourg,1,2,3,1,2,3,1,2,3,0,0.001962,0.001962
2705,Lada Togliatti,,Russia,5,8,13,5,11,16,5,8,13,0,0.277536,0.277536
53177,NK Varteks (2011),,Croatia,1,1,2,1,1,2,1,1,2,0,0,0
21687,UJA Maccabi Paris Métropole,,France,0,1,1,0,1,1,0,1,1,0,0,0
7437,LASK Linz II,,Austria,1,1,2,1,1,2,1,1,2,0,0,0
54316,AS Sasso Marconi,,Italy,1,1,2,1,1,2,1,1,2,0,0,0
19941,NK MV Croatia Slavonski Brod,,Croatia,1,3,4,1,3,4,1,3,4,0,0,0
18074,Club Atlético Boston River,,Uruguay,4,2,6,4,2,6,4,2,6,0.045045,0.159194,0.204239
8516,CA Osasuna B,,Spain,2,1,3,2,1,3,2,1,3,0,1.367453,1.367453
16671,SC Amiens B,,France,0,2,2,0,2,2,0,2,2,0,0,0
20063,ZP Sport Podbrezova,,Slovakia,3,8,11,3,8,11,3,8,11,0,0,0
11698,San Francisco FC,,Panama,0,2,2,0,2,2,0,2,2,0,0.039604,0.039604
14683,CSA Guillermo Brown,,Argentina,0,1,1,0,1,1,0,1,1,0,0,0
682,Sporting Club Accra,,Ghana,0,2,2,0,2,2,0,2,2,0,0,0
54334,Extremadura UD B,,Spain,1,0,1,1,0,1,1,0,1,0,0,0
34995,Bahrain Club Muharraq,,Bahrain,0,1,1,0,1,1,0,1,1,0,0,0
7633,UNAM Pumas,,Mexico,7,6,13,7,6,13,7,6,13,0.451828,3.687841,4.139668
14782,Iraklis Thessaloniki U19,,Greece,1,2,3,1,2,3,1,2,3,0,0,0
11961,FC Aprilia Racing Club,,Italy,5,7,12,5,10,15,5,7,12,0,0,0
2855,SD Compostela,,Spain,0,8,8,0,10,10,0,8,8,0,0.5,0.5
21726,Al-Talaba SC,,Iraq,0,1,1,0,1,1,0,1,1,0,0,0
32017,FC Dila Gori,,Georgia,4,5,9,4,5,9,4,5,9,0,0.107143,0.107143
5259,FC Baulmes,,Switzerland,2,2,4,2,2,4,2,2,4,0,0,0
20635,Slovan Bratislava B,,Slovakia,0,1,1,0,2,2,0,1,1,0,0,0
1521,SK Vorwärts Steyr,,Austria,3,0,3,3,0,3,3,0,3,0,0,0
28598,Ros Bila Tserkva,,Ukraine,0,1,1,0,1,1,0,1,1,0,0,0
813,Columbus Crew SC,,United States,9,5,14,9,6,15,9,5,14,0.164025,0.678125,0.84215
9175,Thróttur Reykjavík,,Iceland,1,0,1,1,0,1,1,0,1,0,0,0
62966,Halifax Town (liq.),,England,1,0,1,1,0,1,1,0,1,0,0,0
3867,Boreham Wood FC,,England,0,1,1,0,1,1,0,1,1,0,0,0
10679,Club Atlético Bella Vista,,Uruguay,2,2,4,3,2,5,2,2,4,0,0,0
12060,Sibiryak Bratsk,,Russia,2,2,4,2,2,4,2,2,4,0,0,0
26860,SC Caronnese,,Italy,0,1,1,0,1,1,0,1,1,0,0,0
7614,Dnister Ovidiopol,,Ukraine,8,4,12,10,8,18,8,4,12,0,0,0
1002,FC Flora Tallinn,,Estonia,2,5,7,2,8,10,2,5,7,0,0.069579,0.069579
15297,FC Asgabat,,Turkmenistan,2,0,2,2,0,2,2,0,2,0,0,0
1065,Hannover 96 II,,Germany,3,3,6,3,3,6,3,3,6,0,0,0
4277,Drogheda United FC,,Ireland,1,0,1,1,0,1,1,0,1,0,0,0
7242,FC Infesta,,Portugal,2,3,5,2,3,5,2,3,5,0,0,0
1516,Olaria Atlético Clube (RJ),,Brazil,3,2,5,4,4,8,3,2,5,0,0.012903,0.012903
7392,MFK Dubnica,,Slovakia,4,8,12,5,14,19,4,8,12,0,0.065217,0.065217
2865,Real Betis B,,Spain,1,3,4,1,3,4,1,3,4,0,0.059829,0.059829
6373,SC Wielsbeke,,Belgium,1,0,1,1,0,1,1,0,1,0,0,0
4747,Anadia FC,,Portugal,4,5,9,4,5,9,4,5,9,0,0,0
13575,Folkestone Invicta,,England,0,1,1,0,1,1,0,1,1,0,0,0
20189,Cerro Largo FC,,Uruguay,1,1,2,1,1,2,1,1,2,0,0,0
8702,Niki Polygyrou,,Greece,0,1,1,0,1,1,0,1,1,0,0,0
25804,Parma FC Youth,,Italy,0,2,2,0,2,2,0,2,2,0,0.077922,0.077922
16733,UE Castelldefels,,Spain,1,1,2,1,1,2,1,1,2,0,0,0
4792,Kilkisiakos,,Greece,6,4,10,6,6,12,6,4,10,0,0,0
29251,USD Virtusvecomp Verona,,Italy,1,2,3,1,2,3,1,2,3,0,0,0
8880,Deportivo Alavés B,,Spain,1,2,3,3,3,6,1,2,3,0,0,0
6417,Energiya Yuzhnoukrainsk,,Ukraine,1,0,1,1,0,1,1,0,1,0,0,0
50100,SC Ligorna 1922,,Italy,2,2,4,2,5,7,2,2,4,0,0,0
9263,Portsmouth FC U21,,England,1,1,2,1,1,2,1,1,2,0,0,0
8241,SC Schiltigheim,,France,1,0,1,1,0,1,1,0,1,0,0,0
39151,Ottawa Fury FC,,United States,1,0,1,1,0,1,1,0,1,0,0,0
34775,FC STK 1914 Samorin,,Slovakia,1,2,3,1,2,3,1,2,3,0,0,0
29835,NK Lekenik,,Croatia,3,0,3,3,0,3,3,0,3,0,0,0
8142,Oliveira do Bairro SC,,Portugal,1,2,3,3,2,5,1,2,3,0,0,0
64299,ASC Avenir FC,,Senegal,0,1,1,0,1,1,0,1,1,0,0,0
15685,NK Crikvenica,,Croatia,1,3,4,1,4,5,1,3,4,0,0,0
26888,AS FAN,,Niger,0,1,1,0,1,1,0,1,1,0,0,0
8438,CF Esperança Lagos,,Portugal,0,3,3,0,3,3,0,3,3,0,0,0
21890,Asteras Iteas,,Greece,1,0,1,1,0,1,1,0,1,0,0,0
87,SV Werder Bremen II,,Germany,5,7,12,5,7,12,5,7,12,0.013158,0.186047,0.199204
5146,TuS Geretsried,,Germany,0,1,1,0,1,1,0,1,1,0,0,0
967,Cherno More Varna,,Bulgaria,9,7,16,9,7,16,9,7,16,0,0.019048,0.019048
25253,Tepecik Belediyespor,,Turkey,0,4,4,0,4,4,0,4,4,0,0,0
1536,Burgos CF,,Spain,6,5,11,7,5,12,6,5,11,0,0,0
45545,Yeni Salihlispor,,Turkey,1,2,3,1,3,4,1,2,3,0,0,0
20467,SC Salgueiros 08,,Portugal,1,2,3,1,4,5,1,2,3,0,0,0
17707,US Jeanne d'Arc Carquefou,,France,3,2,5,3,3,6,3,2,5,0,0,0
30240,Géménosienne,,France,0,1,1,0,1,1,0,1,1,0,0,0
4590,Ethnikos Achnas,,Cyprus,9,7,16,11,7,18,9,7,16,0,0,0
18957,Loko Vltavin,,Czech Republic,4,6,10,5,7,12,4,6,10,0,0,0
6467,Olimpia Satu Mare,,Romania,1,0,1,1,0,1,1,0,1,0,0,0
22136,SV Gloggnitz,,Austria,0,1,1,0,1,1,0,1,1,0,0,0
9094,Masry Port Said,,Egypt,2,3,5,2,4,6,2,3,5,0,0.434783,0.434783
29425,NK Pazinka Pazin,,Croatia,1,1,2,2,2,4,1,1,2,0,0,0
5659,US Ivry,,France,1,2,3,1,2,3,1,2,3,0,0,0
10639,MIKA Aschtarak,,Armenia,2,1,3,2,1,3,2,1,3,0,0,0
4561,CS Emelec,,Ecuador,4,7,11,4,7,11,4,7,11,0,0.341863,0.341863
12346,FC Progrès Niederkorn,,Luxembourg,1,1,2,1,1,2,1,1,2,0,0.018519,0.018519
4906,Macaé Esporte Futebol Clube (RJ),,Brazil,2,6,8,2,6,8,2,6,8,0,0,0
17026,NK Bedem Ivankovo,,Croatia,2,1,3,2,2,4,2,1,3,0,0,0
9141,S.E.R. Caxias do Sul (RS),,Brazil,3,3,6,3,3,6,3,3,6,0,0,0
8422,Clube Atlético Sorocaba (SP),,Brazil,2,3,5,2,3,5,2,3,5,0,0,0
22277,AC Sambonifacese,,Italy,2,2,4,2,4,6,2,2,4,0,0,0
14443,NK Inter Zapresic U19,,Croatia,0,2,2,0,2,2,0,2,2,0,0,0
4338,Alzano Virescit,,Italy,3,3,6,4,3,7,3,3,6,0,0,0
617,TuS Lingen (liq.),,Germany,1,0,1,1,0,1,1,0,1,0,0,0
41231,FC Sochi,,Russia,2,0,2,2,0,2,2,0,2,0,0,0
3737,Breidablik Kópavogur,,Iceland,2,2,4,3,2,5,2,2,4,0,0.033417,0.033417
10512,KVC Winkel Sport,,Belgium,4,0,4,6,0,6,4,0,4,0,0,0
11913,Tema Youth,,Ghana,1,3,4,1,3,4,1,3,4,0,0.23818,0.23818
4028,Avezzano Calcio,,Italy,1,1,2,1,1,2,1,1,2,0,0,0
6112,Piast Gliwice,,Poland,8,7,15,8,9,17,8,7,15,0.006119,0.190742,0.196861
19376,NK Celje U19,,Slovenia,0,1,1,0,1,1,0,1,1,0,0,0
35759,Bucheon FC 1995,,"Korea, South",3,1,4,3,1,4,3,1,4,0,0,0
30370,RCO Agde,,France,2,0,2,2,0,2,2,0,2,0,0,0
4376,SV Oberwart,,Austria,3,1,4,3,1,4,3,1,4,0,0,0
6456,GKS Katowice,,Poland,1,5,6,1,5,6,1,5,6,0,0,0
373,KSV Hessen Kassel,,Germany,2,3,5,3,3,6,2,3,5,0,0,0
3146,Olympic Charleroi,,Belgium,3,7,10,9,9,18,3,7,10,0,0,0
9572,BSG Chemie Leipzig,,Germany,0,1,1,0,1,1,0,1,1,0,0,0
12460,Flamurtari FC,,Albania,4,6,10,5,6,11,4,6,10,0,0,0
4291,Portland Timbers,,United States,7,1,8,7,1,8,7,1,8,0,0,0
7142,Al-Nejmeh,,Lebanon,1,0,1,1,0,1,1,0,1,0,0,0
26029,NK Lokomotiva Zagreb U19,,Croatia,1,2,3,1,2,3,1,2,3,0,0,0
32791,Ajax Amsterdam Youth,,Netherlands,0,1,1,0,1,1,0,1,1,0,0,0
4007,Panargiakos APO,,Greece,6,6,12,7,8,15,6,6,12,0,0,0
51828,Los Angeles FC,,United States,3,1,4,3,1,4,3,1,4,0.647577,0,0.647577
24331,Spolana Neratovice,,Czech Republic,1,2,3,1,2,3,1,2,3,0,0,0
3199,AS Kaloum,,Guinea,0,2,2,0,2,2,0,2,2,0,0,0
6618,OBW Zevenaar,,Netherlands,1,0,1,1,0,1,1,0,1,0,0,0
56319,A.C. Garda,,Italy,1,0,1,1,0,1,1,0,1,0,0,0
8303,Enosi Aspropyrgou,,Greece,1,1,2,1,1,2,1,1,2,0,0,0
51353,Hajduk Bar,,Montenegro,0,1,1,0,1,1,0,1,1,0,0,0
16805,AA Ponte Preta U20,,Brazil,0,1,1,0,1,1,0,1,1,0,0,0
3791,KAA Gent U19,,Belgium,0,6,6,0,6,6,0,6,6,0,0,0
9597,Avispa Fukuoka,,Japan,1,1,2,1,1,2,1,1,2,0,0.036036,0.036036
41553,Kastamonuspor 1966,,Turkey,2,3,5,2,4,6,2,3,5,0,0,0
8152,RC Lens B,,France,1,6,7,1,6,7,1,6,7,0,0.473223,0.473223
9539,GD Interclube Luanda,,Angola,1,0,1,1,0,1,1,0,1,0,0,0
1145,Miami Fusion,,United States,1,1,2,1,1,2,1,1,2,0,0,0
23377,FC Ponsacco 1920,,Italy,1,1,2,1,1,2,1,1,2,0,0,0
7976,Polonia Bytom,,Poland,2,2,4,3,2,5,2,2,4,0.006936,0.100042,0.106978
490,FSV Wacker Nordhausen,,Germany,3,0,3,3,0,3,3,0,3,0,0,0
1189,St. Patricks Athletic,,Ireland,3,0,3,4,0,4,3,0,3,0,0,0
31297,SKF Sered,,Slovakia,2,0,2,2,0,2,2,0,2,0,0,0
2926,Ajax Cape Town,,South Africa,6,7,13,6,9,15,6,7,13,0,0.740689,0.740689
21526,Aetos Anogion,,Greece,1,0,1,1,0,1,1,0,1,0,0,0
18968,FK Nachod-Destne,,Czech Republic,0,1,1,0,1,1,0,1,1,0,0,0
7695,1.FC Vöcklabruck,,Austria,5,6,11,8,10,18,5,6,11,0,0,0
15515,Gornik Zabrze U19,,Poland,0,1,1,0,1,1,0,1,1,0,0.005798,0.005798
21958,PAEEK,,Cyprus,2,2,4,2,2,4,2,2,4,0,0,0
1655,RKS Radomsko,,Poland,2,1,3,2,1,3,2,1,3,0,0,0
3473,FC Hard,,Austria,2,2,4,4,2,6,2,2,4,0,0,0
32768,Gzira United FC,,Malta,2,0,2,2,0,2,2,0,2,0,0,0
445,Herfölge Boldklub,,Denmark,4,1,5,5,1,6,4,1,5,0,0.020906,0.020906
9590,Diegem Sport,,Belgium,3,1,4,3,2,5,3,1,4,0,0,0
3260,ASK Voitsberg,,Austria,1,1,2,1,1,2,1,1,2,0,0,0
21601,Odysseas Anagennisis,,Greece,1,3,4,1,3,4,1,3,4,0,0,0
16024,Omonia Aradippou,,Cyprus,4,0,4,4,0,4,4,0,4,0,0,0
24197,FK Rudar Prijedor,,Bosnia-Herzegovina,4,1,5,5,1,6,4,1,5,0,0,0
21699,ASD Modica Calcio,,Italy,1,0,1,1,0,1,1,0,1,0,0,0
54230,Madre Pietra Daunia,,Italy,1,0,1,1,0,1,1,0,1,0,0,0
2510,TSV 1860 München U19,,Germany,0,3,3,0,3,3,0,3,3,0,0.001385,0.001385
5495,FC Mendrisio-Stabio,,Switzerland,0,1,1,0,1,1,0,1,1,0,0,0
7489,MPPJ Selangor,,Malaysia,1,2,3,1,2,3,1,2,3,0,0,0
59524,Ararat Moskau,,Russia,3,1,4,3,1,4,3,1,4,0,0,0
33004,KFC Esperanza Neerpelt,,Belgium,2,0,2,2,0,2,2,0,2,0,0,0
22785,Rio Branco Sport Club (PR),,Brazil,2,3,5,2,3,5,2,3,5,0,0,0
48977,US Levico Terme,,Italy,1,0,1,1,0,1,1,0,1,0,0,0
45347,USD Ciserano,,Italy,1,1,2,1,1,2,1,1,2,0,0,0
11075,RKVV Westlandia,,Netherlands,2,1,3,2,1,3,2,1,3,0,0,0
6412,Kristall Smolensk,,Russia,4,6,10,6,6,12,4,6,10,0,0.066667,0.066667
9828,Daugava Daugavpils,,Latvia,2,3,5,2,3,5,2,3,5,0,0,0
15098,Club Atlético Boca Juniors U20,,Argentina,0,1,1,0,1,1,0,1,1,0,0,0
9831,KSV Roeselare U19,,Belgium,0,2,2,0,3,3,0,2,2,0,0,0
3097,Sociedade Esportiva Matsubara (PR),,Brazil,0,3,3,0,4,4,0,3,3,0,0,0
8568,AD Ceuta,,Spain,7,2,9,7,2,9,7,2,9,0,0,0
35055,Union Bank FC,,Nigeria,0,1,1,0,1,1,0,1,1,0,0.08,0.08
39152,Recreativo Águias Musgueira,,Portugal,0,1,1,0,1,1,0,1,1,0,0,0
12820,US Palermo Youth,,Italy,0,1,1,0,1,1,0,1,1,0,0,0
20248,ND Dravinja Kostroj,,Slovenia,0,1,1,0,1,1,0,1,1,0,0,0
1205,1.FC Eschborn,,Germany,2,0,2,3,0,3,2,0,2,0,0,0
45299,Chennaiyin FC,,India,1,0,1,1,0,1,1,0,1,0,0,0
28770,FK Metta,,Latvia,1,0,1,1,0,1,1,0,1,0,0,0
22178,Thespakusatsu Gunma,,Japan,1,0,1,1,0,1,1,0,1,0,0,0
2716,Planète Champion Ouagadougou,,Burkina Faso,1,3,4,1,4,5,1,3,4,0,0.013345,0.013345
2273,1. Wiener Neustädter SC,,Austria,1,2,3,1,2,3,1,2,3,0.013333,0,0.013333
27085,AE Pontion Katerinis,,Greece,1,1,2,2,1,3,1,1,2,0,0.013333,0.013333
5293,SV Freistadt,,Austria,1,0,1,1,0,1,1,0,1,0,0,0
12700,SV Deurne,,Netherlands,1,0,1,1,0,1,1,0,1,0,0,0
19086,FK Sparta Kutná Hora,,Czech Republic,1,1,2,1,1,2,1,1,2,0,0,0
3484,Lierse SK U19,,Belgium,0,1,1,0,1,1,0,1,1,0,0,0
24971,Ha Noi FC,,Vietnam,1,0,1,1,0,1,1,0,1,0,0,0
3395,FC Tatabánya,,Hungary,0,1,1,0,1,1,0,1,1,0,0,0
2275,Turun Palloseura,,Finland,0,7,7,0,9,9,0,7,7,0,0.163089,0.163089
43743,SK Union Celakovice,,Czech Republic,0,1,1,0,1,1,0,1,1,0,0,0
43502,Chertanovo Moscow,,Russia,0,3,3,0,4,4,0,3,3,0,0.07037,0.07037
2613,1.FC Nürnberg U19,,Germany,0,2,2,0,2,2,0,2,2,0,0,0
2699,Lokomotiv St. Petersburg,,Russia,2,0,2,2,0,2,2,0,2,0,0,0
36110,Magreb '90,,Netherlands,1,0,1,1,0,1,1,0,1,0,0,0
4420,Fußballakademie Linz U18,,Austria,0,1,1,0,2,2,0,1,1,0,0,0
14933,Öz Sahrayıceditspor,,Turkey,5,4,9,14,18,32,5,4,9,0,0,0
15310,Navbahor Namangan,,Uzbekistan,1,1,2,1,1,2,1,1,2,0,0,0
33824,NK Korana Karlovac,,Croatia,0,1,1,0,1,1,0,1,1,0,0,0
21465,FC Jeunesse Canach,,Luxembourg,1,0,1,1,0,1,1,0,1,0,0,0
18963,Spartak Myjava,,Slovakia,9,4,13,10,8,18,9,4,13,0,0,0
1529,TSV Ampfing,,Germany,1,0,1,1,0,1,1,0,1,0,0,0
21618,Esporte Clube Tigres do Brasil (RJ),,Brazil,1,2,3,1,2,3,1,2,3,0,0,0
45885,Accademia di Abuja,,Nigeria,0,1,1,0,1,1,0,1,1,0,0,0
25220,Cerkezköy Belediyespor,,Turkey,0,1,1,0,1,1,0,1,1,0,0,0
6318,Santa Maria da Feira,,Portugal,1,1,2,1,1,2,1,1,2,0,0,0
58451,FK Inhulets 2 Petrove,,Ukraine,1,0,1,1,0,1,1,0,1,0,0,0
3747,Sydney Olympic,,Australia,2,4,6,2,4,6,2,4,6,0,0.365497,0.365497
11973,KV Mechelen U19,,Belgium,0,1,1,0,1,1,0,1,1,0,0,0
13243,Universidad de Las Palmas,,Spain,3,2,5,4,3,7,3,2,5,0,0,0
12118,UMF Víkingur Ólafsvík,,Iceland,2,0,2,2,0,2,2,0,2,0,0,0
3055,Basingstoke Town,,England,1,1,2,1,1,2,1,1,2,0,0,0
30267,ES Pennoise,,France,1,1,2,1,1,2,1,1,2,0,0,0
29914,Enerhiya Nova Kakhovka,,Ukraine,2,1,3,2,1,3,2,1,3,0,0,0
22314,AD Voluntas Spoleto,,Italy,0,1,1,0,1,1,0,1,1,0,0,0
20945,VV Capelle,,Netherlands,3,2,5,5,2,7,3,2,5,0,0,0
45369,Yeni Orduspor,,Turkey,1,1,2,1,1,2,1,1,2,0,0,0
10686,Celano FC Marsica,,Italy,3,8,11,4,10,14,3,8,11,0,0.093835,0.093835
8144,Clube Atlético Juventus (SP),,Brazil,3,7,10,4,7,11,3,7,10,0,0,0
8187,GD Serzedelo,,Portugal,0,1,1,0,2,2,0,1,1,0,0,0
4769,Ihud Bnei Sakhnin,,Israel,7,5,12,8,5,13,7,5,12,0,0,0
2422,SC Rio Tinto,,Portugal,2,1,3,2,1,3,2,1,3,0,0,0
24409,SK Benesov,,Czech Republic,1,2,3,1,4,5,1,2,3,0,0,0
1461,1.FC Köln U19,,Germany,0,3,3,0,3,3,0,3,3,0,0.190476,0.190476
2351,Deportes Quindío,,Colombia,1,2,3,1,2,3,1,2,3,0,0.342243,0.342243
6684,Gainsborough Trinity,,England,0,2,2,0,3,3,0,2,2,0,0,0
9073,PASA Irodotos,,Greece,2,4,6,4,5,9,2,4,6,0,0,0
50498,AO Sellanon,,Greece,1,0,1,1,0,1,1,0,1,0,0,0
46070,Krumkachi Minsk,,Belarus,0,1,1,0,1,1,0,1,1,0,0,0
27623,Latina Primavera,,Italy,0,2,2,0,2,2,0,2,2,0,0,0
28971,FC Kolkheti-1913 Poti,,Georgia,2,1,3,2,1,3,2,1,3,0,0,0
59177,Slovan Velvary,,Czech Republic,1,0,1,1,0,1,1,0,1,0,0,0
18497,Academia Chisinau,,Moldova,1,3,4,1,4,5,1,3,4,0,0.059524,0.059524
7679,TSV Buchbach,,Germany,1,1,2,1,1,2,1,1,2,0,0,0
12427,Nika Moskau,,Russia,9,1,10,10,1,11,9,1,10,0,0,0
727,KSV Klein-Karben,,Germany,0,1,1,0,1,1,0,1,1,0,0,0
19522,VPV Purmersteijn,,Netherlands,1,1,2,1,1,2,1,1,2,0,0,0
51324,Kendall SC,,United States,0,1,1,0,1,1,0,1,1,0,0,0
4562,Aglianese Calcio 1923,,Italy,1,3,4,1,3,4,1,3,4,0,0,0
29191,NK Rudar Mursko Sredisce,,Croatia,1,0,1,1,0,1,1,0,1,0,0,0
32715,Olympia Gelendzhik,,Russia,2,0,2,2,0,2,2,0,2,0,0,0
6911,CD Ribeira Brava,,Portugal,1,1,2,1,1,2,1,1,2,0,0,0
22185,Crociati Noceto,,Italy,0,2,2,0,4,4,0,2,2,0,0,0
46649,Salitas Football School,,Burkina Faso,0,2,2,0,4,4,0,2,2,0,0.003704,0.003704
38038,NK Zrinski Jurjevac Punitovacki,,Croatia,1,0,1,1,0,1,1,0,1,0,0,0
6619,FK Banat Zrenjanin,,Serbia,4,3,7,4,3,7,4,3,7,0,0,0
10037,SV Bad Ischl,,Austria,1,2,3,1,2,3,1,2,3,0,0.001,0.001
44290,Etimesgut Belediyespor,,Turkey,0,2,2,0,4,4,0,2,2,0,0,0
21720,FC Elseremo Brumov,,Czech Republic,1,0,1,1,0,1,1,0,1,0,0,0
14520,AFC Compiègne,,France,1,0,1,1,0,1,1,0,1,0,0,0
21889,AO Pefkis,,Greece,2,0,2,3,0,3,2,0,2,0,0,0
9855,LDU Quito,,Ecuador,6,5,11,6,5,11,6,5,11,0.507654,1.021316,1.52897
27448,CD Roda,,Spain,1,1,2,1,1,2,1,1,2,0,0,0
11560,SC Zwettl,,Austria,2,2,4,2,2,4,2,2,4,0,0,0
32824,ASD Cape Town,,South Africa,1,2,3,1,4,5,1,2,3,0,0,0
2804,Barnet FC,,England,10,8,18,12,9,21,10,8,18,0.008333,0,0.008333
8154,FC Stade Rennes B,,France,1,2,3,1,2,3,1,2,3,0,0,0
1192,Ayr United FC,,Scotland,1,0,1,1,0,1,1,0,1,0,0,0
14167,Aigle Noir AC,,Haiti,0,2,2,0,2,2,0,2,2,0,0,0
3070,FK Sutjeska Niksic,,Montenegro,1,7,8,1,7,8,1,7,8,0,0,0
13711,Real Madrid U17,,Spain,1,0,1,1,0,1,1,0,1,0,0,0
28990,NK BSK Bijelo Brdo,,Croatia,1,3,4,4,5,9,1,3,4,0,0,0
8322,Rende Calcio 1968,,Italy,1,2,3,1,2,3,1,2,3,0,0,0
15050,FC Drouais,,France,1,0,1,1,0,1,1,0,1,0,0,0
19578,SC Mannsdorf,,Austria,2,0,2,2,0,2,2,0,2,0,0,0
32542,Operário Futebol Clube Ltda. (MT),,Brazil,1,1,2,1,1,2,1,1,2,0,0,0
2086,1.FC Bruchsal,,Germany,0,1,1,0,1,1,0,1,1,0,0,0
6379,SK Roudnice nad Labem,,Czech Republic,4,2,6,6,5,11,4,2,6,0,0,0
11325,RES Couvin-Mariembourg,,Belgium,0,1,1,0,1,1,0,1,1,0,0,0
4414,Gefle IF,,Sweden,1,2,3,1,2,3,1,2,3,0,0,0
6131,Dynamo Brest,,Belarus,7,4,11,10,4,14,7,4,11,0,0,0
20968,F.S. Sestrese Calcio 1919,,Italy,1,0,1,1,0,1,1,0,1,0,0,0
6142,Cherry Orchard FC,,Ireland,0,1,1,0,1,1,0,1,1,0,0,0
8332,NK Jadran Porec,,Croatia,3,3,6,8,5,13,3,3,6,0,0,0
66846,SK Kravare,,Czech Republic,1,0,1,2,0,2,1,0,1,0,0,0
8056,Blooming Santa Cruz,,Bolivia,1,2,3,1,2,3,1,2,3,0,0.03264,0.03264
43425,Aliaga Youth,,Turkey,0,1,1,0,1,1,0,1,1,0,0,0
18224,PAS Preveza,,Greece,2,1,3,2,1,3,2,1,3,0,0,0
12815,GD Alcochetense,,Portugal,2,2,4,3,2,5,2,2,4,0,0,0
112,SC Pfullendorf,,Germany,0,5,5,0,5,5,0,5,5,0,0.033421,0.033421
4030,CD Calahorra,,Spain,1,0,1,1,0,1,1,0,1,0,0,0
10999,Ventforet Kofu,,Japan,2,1,3,2,1,3,2,1,3,0.029703,0,0.029703
38720,Unione Fincantieri Monfalcone,,Italy,0,1,1,0,1,1,0,1,1,0,0,0
9138,América Football Club (RJ),,Brazil,2,2,4,2,2,4,2,2,4,0,0,0
3842,Izmirspor,,Turkey,2,10,12,2,11,13,2,10,12,0,0,0
39870,Kizilcabölükspor,,Turkey,1,0,1,2,0,2,1,0,1,0,0,0
9536,Benfica Luanda,,Angola,3,2,5,4,2,6,3,2,5,0,0,0
9545,Rijnsburgse Boys,,Netherlands,2,1,3,2,1,3,2,1,3,0,0,0
12618,SV Völs,,Austria,1,0,1,2,0,2,1,0,1,0,0,0
12863,Siena Berretti,,Italy,1,0,1,1,0,1,1,0,1,0,0,0
636,Zeleznik Belgrad,,Serbia,2,8,10,2,8,10,2,8,10,0,0.05,0.05
60220,Harkány SE,,Hungary,0,1,1,0,1,1,0,1,1,0,0,0
5687,SK Satalice,,Czech Republic,1,0,1,1,0,1,1,0,1,0,0,0
8545,FK Ventspils II,,Latvia,0,1,1,0,1,1,0,1,1,0,0,0
2466,SC Kalsdorf,,Austria,2,2,4,2,3,5,2,2,4,0,0,0
6688,Bilbao Athletic,,Spain,0,1,1,0,2,2,0,1,1,0,0,0
19934,EHC Hoensbroek,,Netherlands,2,0,2,2,0,2,2,0,2,0,0,0
6078,Paykan FC,,Iran,3,1,4,3,1,4,3,1,4,0,0,0
22258,USD Lavagnese 1919,,Italy,0,2,2,0,2,2,0,2,2,0,0,0
14986,Slavoj Trebisov,,Slovakia,1,0,1,1,0,1,1,0,1,0,0,0
22196,Uso Calcio,,Italy,0,1,1,0,1,1,0,1,1,0,0,0
4355,MTV Gifhorn,,Germany,0,1,1,0,1,1,0,1,1,0,0,0
22197,FC Canavese,,Italy,1,1,2,2,4,6,1,1,2,0,0,0
4405,FC St. Veit,,Austria,2,0,2,3,0,3,2,0,2,0,0,0
10315,NK Papuk Orahovica,,Croatia,0,2,2,0,2,2,0,2,2,0,0,0
52520,FK Metalurh Zaporizhya,,Ukraine,1,0,1,1,0,1,1,0,1,0,0,0
40275,SK Prevysov,,Czech Republic,2,0,2,3,0,3,2,0,2,0,0,0
7969,AE Kos,,Greece,1,0,1,1,0,1,1,0,1,0,0,0
34522,NJ-LUSO Parma,,United States,0,1,1,0,1,1,0,1,1,0,0,0
7020,CD Everton,,Chile,4,2,6,4,2,6,4,2,6,0,0,0
6141,AD Lousada,,Portugal,2,5,7,2,7,9,2,5,7,0,0,0
7170,Igea Virtus Barcellona,,Italy,2,5,7,2,6,8,2,5,7,0,0,0
28170,FC Edmonton,,Canada,3,0,3,3,0,3,3,0,3,0,0,0
2663,Hannover 96 U19,,Germany,0,1,1,0,1,1,0,1,1,0,0,0
13517,US Darfo Boario,,Italy,0,1,1,0,2,2,0,1,1,0,0,0
34178,ASV Süchteln,,Germany,1,0,1,1,0,1,1,0,1,0,0,0
30931,Almahalla Tripoli,,Libya,0,1,1,0,1,1,0,1,1,0,0,0
54318,US Real Forte Querceta,,Italy,0,1,1,0,1,1,0,1,1,0,0,0
6910,O Elvas CAD,,Portugal,3,1,4,3,1,4,3,1,4,0,0,0
8189,Lusitânia FC Lourosa,,Portugal,3,4,7,4,4,8,3,4,7,0,0,0
6165,Bodens BK,,Sweden,0,1,1,0,1,1,0,1,1,0,0.079768,0.079768
27462,AC Este 1920,,Italy,1,1,2,1,1,2,1,1,2,0,0,0
26312,Pas Teheran,,Iran,2,1,3,2,1,3,2,1,3,0,0,0
20626,SK Svaty Jur,,Slovakia,1,0,1,1,0,1,1,0,1,0,0,0
4147,AS Casale Calcio,,Italy,6,6,12,7,6,13,6,6,12,0,0,0
44139,Mobellaspor,,Turkey,2,3,5,2,3,5,2,3,5,0,0,0
38549,Jeunesse Villenavaise,,France,0,1,1,0,1,1,0,1,1,0,0.002953,0.002953
20106,Cesena Primavera,,Italy,1,2,3,1,2,3,1,2,3,0,0,0
11390,CS Mioveni,,Romania,3,0,3,3,0,3,3,0,3,0.071429,0,0.071429
33018,NK Ozren Semizovac,,Bosnia-Herzegovina,0,1,1,0,1,1,0,1,1,0,0,0
12210,SKU Amstetten,,Austria,5,2,7,6,2,8,5,2,7,0,0,0
19176,Eretum Monterotondo,,Italy,1,2,3,1,2,3,1,2,3,0,0,0
4427,Rot-Weiß Rankweil,,Austria,1,0,1,2,0,2,1,0,1,0,0,0
20035,AS Vitré,,France,2,0,2,2,0,2,2,0,2,0,0,0
45289,Trat FC,,Thailand,1,0,1,1,0,1,1,0,1,0,0,0
11601,Marino Luanco,,Spain,0,1,1,0,1,1,0,1,1,0,0,0
12426,Nara-SBFR Naro-Fominsk,,Russia,1,0,1,1,0,1,1,0,1,0,0,0
19013,OEZ Letohrad,,Czech Republic,3,0,3,3,0,3,3,0,3,0,0,0
37043,Apollon Kryas Vrysis,,Greece,0,2,2,0,2,2,0,2,2,0,0,0
19876,SV Grödig Jugend,,Austria,1,0,1,1,0,1,1,0,1,0,0,0
4778,Willem II/RKC U19,,Netherlands,0,1,1,0,3,3,0,1,1,0,0,0
15630,Sabah FA,,Malaysia,2,2,4,2,2,4,2,2,4,0,0,0
22767,Red Bull Brasil (SP),,Brazil,4,2,6,4,4,8,4,2,6,0,0,0
7461,FC Groningen/Cambuur U19,,Netherlands,0,2,2,0,2,2,0,2,2,0,0.02381,0.02381
15724,Safa Beirut SC,,Lebanon,1,0,1,1,0,1,1,0,1,0,0,0
32187,Mes Sarcheshmeh,,Iran,1,0,1,1,0,1,1,0,1,0,0,0
52518,Barra Futebol Clube (RS),,Brazil,1,1,2,1,1,2,1,1,2,0,0.02963,0.02963
16658,Cruzeiro Esporte Clube B,,Brazil,0,3,3,0,3,3,0,3,3,0,0.297085,0.297085
15818,Kedah FA,,Malaysia,1,0,1,1,0,1,1,0,1,0,0,0
4592,FAS Naousa,,Greece,2,3,5,2,3,5,2,3,5,0,0,0
9259,Bolton Wanderers U23,,England,2,1,3,2,1,3,2,1,3,0,0,0
10907,Zamora CF,,Spain,3,6,9,3,6,9,3,6,9,0,0.002655,0.002655
38052,Thai Honda FC,,Thailand,1,0,1,1,0,1,1,0,1,0,0,0
12600,Associação Atlética Coruripe (AL),,Brazil,1,2,3,1,3,4,1,2,3,0,0,0
9816,Forlì FC,,Italy,1,10,11,1,16,17,1,10,11,0,0,0
36815,Metalist Kharkiv U17,,Ukraine,0,1,1,0,1,1,0,1,1,0,0,0
9624,SV Schalding-Heining,,Germany,1,0,1,1,0,1,1,0,1,0,0,0
4835,New York Cosmos,,United States,4,0,4,4,0,4,4,0,4,0,0,0
13571,La Vitréenne FC,,France,1,1,2,1,1,2,1,1,2,0,0,0
23653,Qormi FC,,Malta,2,1,3,2,2,4,2,1,3,0,0,0
42756,Genclerbirligi Ankara Youth,,Turkey,0,1,1,0,1,1,0,1,1,0,0,0
33560,Frome Town FC,,England,0,1,1,0,1,1,0,1,1,0,0,0
11915,Llanelli AFC,,Wales,0,1,1,0,1,1,0,1,1,0,0,0
11086,Treze Futebol Clube (PB),,Brazil,2,3,5,3,3,6,2,3,5,0,0,0
20940,NK Omladinac Mionica,,Bosnia-Herzegovina,0,1,1,0,1,1,0,1,1,0,0,0
4600,AS Kassandra,,Greece,3,3,6,3,3,6,3,3,6,0,0,0
49702,Volga-Olimpiets Nizhniy Novgorod,,Russia,6,2,8,6,2,8,6,2,8,0,0,0
6763,Club Mantois 78,,France,1,1,2,1,1,2,1,1,2,0,0,0
37783,Vyzantio Kokkinochomatos,,Greece,1,1,2,1,1,2,1,1,2,0,0,0
3685,Grays Athletic FC,,England,1,2,3,1,2,3,1,2,3,0,0,0
3307,Kücükköyspor,,Turkey,2,2,4,2,3,5,2,2,4,0,0,0
11713,Pomezia Calcio,,Italy,4,0,4,4,0,4,4,0,4,0,0,0
3064,Hereford United (liq.),,England,3,8,11,3,15,18,3,8,11,0,0,0
2713,Akademica Moskau,,Russia,0,1,1,0,1,1,0,1,1,0,0.096774,0.096774
2238,Jomo Cosmos,,South Africa,4,5,9,5,5,10,4,5,9,0,0.0164,0.0164
26969,U.S. Rivignano,,Italy,0,1,1,0,1,1,0,1,1,0,0,0
13549,CA Boca Unidos,,Argentina,2,1,3,2,1,3,2,1,3,0,0,0
42609,Aubagne FC,,France,0,1,1,0,1,1,0,1,1,0,0,0
31427,ASK Eggendorf,,Austria,1,0,1,2,0,2,1,0,1,0,0,0
11488,Everbeur Sport,,Belgium,1,0,1,1,0,1,1,0,1,0,0,0
3125,Tusker FC,,Kenya,0,2,2,0,2,2,0,2,2,0,0,0
2794,Havant & Waterlooville FC,,England,1,1,2,1,1,2,1,1,2,0,0,0
24219,Stoke City U21,,England,1,1,2,1,1,2,1,1,2,0,0,0
11438,Harrow Borough FC,,England,2,1,3,2,1,3,2,1,3,0,0,0
50441,AR São Martinho,,Portugal,1,2,3,2,2,4,1,2,3,0,0,0
6201,FC Banik Ostrava U21,,Czech Republic,0,2,2,0,2,2,0,2,2,0,0,0
40582,Lusitano FCV,,Portugal,1,3,4,1,3,4,1,3,4,0,0,0
21600,Makedonikos Neapolis,,Greece,3,6,9,3,8,11,3,6,9,0,0.005098,0.005098
12523,Adap Galo Maringá Football Club (PR),,Brazil,2,2,4,2,2,4,2,2,4,0,0,0
19488,FK Proleter Novi Sad,,Serbia,0,1,1,0,1,1,0,1,1,0,0.006057,0.006057
3937,FC Merthyr Town,,Wales,1,0,1,1,0,1,1,0,1,0,0,0
2593,MSP Szamotuly,,Poland,0,1,1,0,1,1,0,1,1,0,0.006607,0.006607
7812,CD Santo António,,Portugal,0,1,1,0,1,1,0,1,1,0,0,0
6402,AO Mandraikos,,Greece,1,0,1,1,0,1,1,0,1,0,0,0
10915,SDV Barneveld,,Netherlands,1,0,1,1,0,1,1,0,1,0,0,0
16251,ASD Nocera Umbra,,Italy,1,0,1,1,0,1,1,0,1,0,0,0
14560,NK Metalac Sisak,,Croatia,1,0,1,1,0,1,1,0,1,0,0,0
18076,Club Deportes Iquique,,Chile,1,0,1,1,0,1,1,0,1,0,0,0
9168,Houston Dynamo,,United States,5,6,11,5,6,11,5,6,11,0.07468,0.511696,0.586376
30244,RC La Flèche,,France,0,1,1,0,1,1,0,1,1,0,0,0
10803,SV Spakenburg,,Netherlands,5,1,6,6,1,7,5,1,6,0,0,0
25671,Atlético Monte Azul (SP),,Brazil,3,2,5,3,2,5,3,2,5,0,0.017126,0.017126
30697,Podillia Khmelnytskyi,,Ukraine,3,0,3,3,0,3,3,0,3,0,0,0
33783,FK RFS,,Latvia,1,2,3,1,2,3,1,2,3,0,0,0
41494,FC Saxan Ceadir-Lunga,,Moldova,3,1,4,3,1,4,3,1,4,0,0,0
20609,FC SKP Dubravka Bratislava,,Slovakia,0,1,1,0,1,1,0,1,1,0,0,0
33620,Ethnikos Assias,,Cyprus,1,1,2,1,1,2,1,1,2,0,0,0
27942,Forssan JK,,Finland,1,0,1,1,0,1,1,0,1,0,0,0
2723,Santiago Wanderers,,Chile,3,0,3,3,0,3,3,0,3,0,0,0
7527,SV Argon,,Netherlands,2,0,2,2,0,2,2,0,2,0,0,0
236,CD Logroñés,,Spain,3,1,4,3,1,4,3,1,4,0,0,0
22454,SV Ziersdorf,,Austria,1,0,1,1,0,1,1,0,1,0,0,0
12124,Aston Villa U23,,England,1,1,2,1,1,2,1,1,2,0,0,0
40352,Matelica Calcio,,Italy,3,1,4,3,1,4,3,1,4,0,0,0
593,Kyoto Sanga,,Japan,3,3,6,3,3,6,3,3,6,0,1.086957,1.086957
1750,GKS Tychy,,Poland,1,1,2,1,1,2,1,1,2,0,0,0
3726,RFC Wallonia Walhain,,Belgium,2,0,2,2,0,2,2,0,2,0,0,0
20770,Unirea Dej,,Romania,0,1,1,0,1,1,0,1,1,0,0,0
8346,SVG Bleiburg,,Austria,1,1,2,1,1,2,1,1,2,0,0,0
14542,Club Atlético Temperley,,Argentina,2,1,3,2,1,3,2,1,3,0,0,0
17768,AS Lyon-Duchère,,France,2,3,5,2,3,5,2,3,5,0,0,0
12908,NK Krka,,Slovenia,6,5,11,6,6,12,6,5,11,0,0,0
49866,Varzim SC B,,Portugal,1,1,2,1,1,2,1,1,2,0,0,0
11273,Rodez AF,,France,5,7,12,5,13,18,5,7,12,0,0,0
34399,Syracuse Silver Knights,,United States,1,0,1,1,0,1,1,0,1,0,0,0
2931,South Coast Wolves FC,,Australia,0,1,1,0,1,1,0,1,1,0,0,0
4773,Ituano Futebol Clube (SP),,Brazil,6,14,20,6,16,22,6,14,20,0,0.84414,0.84414
13604,Kessben FC,,Ghana,0,2,2,0,2,2,0,2,2,0,0,0
1320,Shenzhen Jianlibao,,China,6,1,7,7,1,8,6,1,7,0.757837,0,0.757837
15368,AD Cerro de Reyes,,Spain,2,0,2,2,0,2,2,0,2,0,0,0
7452,Omiya Ardija,,Japan,3,3,6,3,3,6,3,3,6,0.271879,0,0.271879
26357,NK Opatija,,Croatia,2,2,4,4,5,9,2,2,4,0,0,0
10980,Racing Santander B,,Spain,2,2,4,2,2,4,2,2,4,0,0,0
16343,Club Rosario Puerto Belgrano,,Argentina,1,0,1,1,0,1,1,0,1,0,0,0
33308,Hanauer SC 1960,,Germany,0,1,1,0,1,1,0,1,1,0,0,0
35394,FK Ahal Akdasayak,,Turkmenistan,1,0,1,2,0,2,1,0,1,0,0,0
32057,NK Adriatic Split,,Croatia,0,1,1,0,1,1,0,1,1,0,0.19802,0.19802
20593,FK Spisska Nova Ves,,Slovakia,1,0,1,1,0,1,1,0,1,0,0,0
2338,KVK Beringen,,Belgium,1,0,1,1,0,1,1,0,1,0,0,0
8037,Keflavík ÍF,,Iceland,2,0,2,2,0,2,2,0,2,0,0,0
12745,AS Saint-Étienne U19,,France,0,2,2,0,2,2,0,2,2,0,0.100117,0.100117
11615,CD Guijuelo,,Spain,1,1,2,1,1,2,1,1,2,0,0,0
23402,CD Prado,,Portugal,1,0,1,1,0,1,1,0,1,0,0,0
11836,FK Hajduk Belgrad,,Serbia,1,2,3,1,2,3,1,2,3,0,0,0
33313,Galícia Esporte Clube (BA),,Brazil,1,0,1,1,0,1,1,0,1,0,0,0
10002,Derby County U18,,England,0,2,2,0,3,3,0,2,2,0,0,0
4793,JVC Cuijk,,Netherlands,3,0,3,5,0,5,3,0,3,0,0,0
29225,Megas Alexandros Iraklias,,Greece,0,3,3,0,3,3,0,3,3,0,0,0
9955,West Ham United U18,,England,0,1,1,0,1,1,0,1,1,0,0,0
4727,Dakar UC,,Senegal,2,2,4,2,3,5,2,2,4,0,0,0
3704,Village United,,Jamaica,0,1,1,0,1,1,0,1,1,0,0,0
44858,Alki Oroklini,,Cyprus,1,2,3,1,2,3,1,2,3,0,0.005848,0.005848
6433,Zenit Izhevsk,,Russia,1,1,2,1,1,2,1,1,2,0,0,0
23387,Smouha SC,,Egypt,0,1,1,0,1,1,0,1,1,0,0,0
17064,Sunshine Stars,,Nigeria,0,1,1,0,1,1,0,1,1,0,0.049505,0.049505
4961,Querétaro FC,,Mexico,2,1,3,2,1,3,2,1,3,0.193715,0,0.193715
9369,Stella Club d'Adjamé,,Cote d'Ivoire,0,2,2,0,2,2,0,2,2,0,0.039474,0.039474
7133,FC Slovan Liberec U21,,Czech Republic,3,0,3,3,0,3,3,0,3,0,0,0
39807,Diyarbekirspor,,Turkey,3,3,6,3,3,6,3,3,6,0,0,0
56966,ASD Albissola 2010,,Italy,2,2,4,3,2,5,2,2,4,0,0,0
20634,MSK Zilina B,,Slovakia,0,1,1,0,1,1,0,1,1,0,0,0
12474,Avoine Olympique Chinon Cinais,,France,0,1,1,0,1,1,0,1,1,0,0,0
7789,Amarante FC,,Portugal,0,5,5,0,7,7,0,5,5,0,0,0
10968,BFC Viktoria 89,,Germany,1,0,1,1,0,1,1,0,1,0,0,0
10820,AJ Auxerre B,,France,0,7,7,0,7,7,0,7,7,0,0,0
4244,SC Union Bergen,,Germany,1,0,1,1,0,1,1,0,1,0,0,0
4565,Tecos de la Universidad Autónoma de Guadalajara,,Mexico,1,5,6,1,6,7,1,5,6,0,0.789474,0.789474
49610,Trastevere Calcio,,Italy,2,0,2,2,0,2,2,0,2,0,0,0
46853,Anagennisi Geras,,Greece,0,1,1,0,1,1,0,1,1,0,0,0
8652,Comercial Futebol Clube (SP),,Brazil,2,4,6,2,4,6,2,4,6,0,0.039474,0.039474
13025,Sandnes Ulf,,Norway,2,2,4,2,3,5,2,2,4,0,0.160819,0.160819
10748,US Castelnuovo Garfagnana,,Italy,1,1,2,1,1,2,1,1,2,0,0,0
13544,SC Brühl SG,,Switzerland,0,1,1,0,1,1,0,1,1,0,0,0
2517,VfB Stuttgart U19,,Germany,0,9,9,0,11,11,0,9,9,0,0.026061,0.026061
22275,AS Bisceglie 1913,,Italy,1,2,3,1,2,3,1,2,3,0,0,0
4779,SC Heerenveen U19,,Netherlands,1,5,6,1,5,6,1,5,6,0,0,0
8380,Cagliese Calcio,,Italy,0,1,1,0,1,1,0,1,1,0,0,0
36628,Guizhou Hengfeng,,China,4,2,6,4,2,6,4,2,6,0.247285,0,0.247285
28536,Bytovia Bytow,,Poland,1,2,3,1,2,3,1,2,3,0,0,0
6610,AO Pavlos Melas,,Greece,1,1,2,1,1,2,1,1,2,0,0,0
12361,Marbella FC,,Spain,1,2,3,1,2,3,1,2,3,0,0,0
34395,Lierse SK Reserve,,Belgium,0,2,2,0,2,2,0,2,2,0,0,0
42039,Salamanca CF UDS,,Spain,0,1,1,0,1,1,0,1,1,0,0.003704,0.003704
28844,Al-Taawon,,Saudi Arabia,5,0,5,5,0,5,5,0,5,0.018519,0,0.018519
20857,Hapoel Raanana,,Israel,3,3,6,3,3,6,3,3,6,0,0,0
38676,APS Aspida Xanthi,,Greece,0,1,1,0,1,1,0,1,1,0,0,0
4591,AS Meteora,,Greece,1,1,2,1,1,2,1,1,2,0,0,0
139,Kickers Emden,,Germany,3,1,4,3,1,4,3,1,4,0,0,0
1178,Harbour View,,Jamaica,1,0,1,1,0,1,1,0,1,0,0,0
7790,Juventude Évora SC,,Portugal,1,1,2,2,1,3,1,1,2,0,0,0
14843,Catania Primavera,,Italy,1,2,3,1,2,3,1,2,3,0,0,0
12318,Málaga CF U19,,Spain,0,1,1,0,1,1,0,1,1,0,0,0
12935,Tractor Sazi FC,,Iran,6,2,8,6,2,8,6,2,8,0,0.007407,0.007407
3571,Favoritner AC,,Austria,0,1,1,0,1,1,0,1,1,0,0,0
32832,FK Trakai,,Lithuania,2,1,3,2,1,3,2,1,3,0,0,0
29800,BSK Zmaj Blato,,Croatia,2,1,3,2,1,3,2,1,3,0,0,0
51772,FC Cincinnati,,United States,1,1,2,1,1,2,1,1,2,0.014815,0,0.014815
26619,Odysseas Kordeliou,,Greece,1,1,2,1,2,3,1,1,2,0,0,0
15979,Kitchee SC,,Hongkong,2,0,2,2,0,2,2,0,2,0,0,0
33324,Vejle Boldklub Kolding,,Denmark,1,1,2,1,1,2,1,1,2,0,0,0
3080,Heidelberg United,,Australia,0,2,2,0,2,2,0,2,2,0,0,0
5469,USK Anif,,Austria,2,4,6,3,4,7,2,4,6,0,0,0
15356,Singapore Armed Forces FC,,Singapore,1,1,2,1,1,2,1,1,2,0,0,0
36134,Petrolero de Yacuiba,,Bolivia,0,1,1,0,1,1,0,1,1,0,0,0
45156,TSK-Tavriya Simferopol,,Russia,4,0,4,4,0,4,4,0,4,0,0,0
12063,Spartak Stchelkovo,,Russia,1,2,3,1,2,3,1,2,3,0,0,0
27561,US Adriese 1906,,Italy,1,1,2,1,1,2,1,1,2,0,0,0
11382,HK Kópavogs,,Iceland,0,1,1,0,1,1,0,1,1,0,0,0
15759,1.FC Slovacko U19,,Czech Republic,0,2,2,0,2,2,0,2,2,0,0,0
8703,Visaltiakos Nigrita,,Greece,1,3,4,1,3,4,1,3,4,0,0,0
22194,SU Bischofstetten,,Austria,1,0,1,1,0,1,1,0,1,0,0,0
44424,KV Mechelen II,,Belgium,0,1,1,0,1,1,0,1,1,0,0,0
14848,Bologna Primavera,,Italy,1,2,3,1,2,3,1,2,3,0,0.238095,0.238095
12009,Moto Club de São Luís (MA),,Brazil,0,1,1,0,1,1,0,1,1,0,0,0
10428,Steve Biko FC,,The Gambia,0,2,2,0,2,2,0,2,2,0,0.008547,0.008547
54652,Calcio Sandonà,,Italy,1,1,2,1,1,2,1,1,2,0,0,0
6643,Real Salt Lake City,,United States,6,2,8,6,2,8,6,2,8,0.327151,0.394737,0.721888
15309,Lokomotiv Tashkent,,Uzbekistan,4,1,5,4,1,5,4,1,5,0,0,0
12657,FK Milano Kumanovo,,North Macedonia,0,1,1,0,1,1,0,1,1,0,0,0
14435,SC Kriens II,,Switzerland,0,1,1,0,1,1,0,1,1,0,0,0
4812,Stade Tunisien,,Tunisia,2,3,5,2,3,5,2,3,5,0,0.181818,0.181818
41166,Iraklis Ampelokipon,,Greece,2,0,2,2,0,2,2,0,2,0,0,0
58866,Club Green Streets,,Maldives,1,0,1,1,0,1,1,0,1,0,0,0
5886,Kolding FC,,Denmark,0,1,1,0,1,1,0,1,1,0,0.042553,0.042553
25030,NK Savski Marof,,Croatia,1,1,2,2,1,3,1,1,2,0,0,0
6429,Universitatea Cluj,,Romania,4,9,13,4,9,13,4,9,13,0,0.042735,0.042735
25292,Energia Shatura,,Russia,2,0,2,2,0,2,2,0,2,0,0,0
10262,Birkirkara FC,,Malta,1,0,1,1,0,1,1,0,1,0,0,0
34996,Manama Club,,Bahrain,0,1,1,0,1,1,0,1,1,0,0,0
1277,FC Schaffhausen,,Switzerland,3,4,7,3,4,7,3,4,7,0,0,0
23956,Airdrieonians (liq.),,Scotland,2,0,2,2,0,2,2,0,2,0,0,0
8707,Kirsehirspor,,Turkey,3,6,9,3,7,10,3,6,9,0,0,0
3972,Bonsucesso Futebol Clube (RJ),,Brazil,0,2,2,0,2,2,0,2,2,0,0,0
32135,AC Formigine,,Italy,1,0,1,1,0,1,1,0,1,0,0,0
60959,AE Chanion,,Greece,2,0,2,2,0,2,2,0,2,0,0,0
43571,Don Bosco Moca,,Dominican Republic,0,1,1,0,1,1,0,1,1,0,0,0
13776,FC Vratimov,,Czech Republic,1,0,1,1,0,1,1,0,1,0,0,0
22690,EC Passo Fundo (RS),,Brazil,1,0,1,1,0,1,1,0,1,0,0,0
4353,FC Altstetten Zürich,,Switzerland,0,1,1,0,1,1,0,1,1,0,0,0
30037,FK Celik Niksic,,Montenegro,0,1,1,0,1,1,0,1,1,0,0,0
18036,DHC Delft,,Netherlands,2,0,2,2,0,2,2,0,2,0,0,0
23002,Campinas Futebol Clube (SP),,Brazil,0,1,1,0,1,1,0,1,1,0,0,0
22231,SS Villacidrese,,Italy,2,5,7,2,6,8,2,5,7,0,0,0
32156,CastelnuovoSandrà,,Italy,0,1,1,0,1,1,0,1,1,0,0,0
9818,SSC Giugliano,,Italy,1,2,3,1,2,3,1,2,3,0,0,0
7119,UD Vilafranquense,,Portugal,0,3,3,0,3,3,0,3,3,0,0,0
31551,Merani Martvili,,Georgia,0,1,1,0,1,1,0,1,1,0,0,0
803,Eimsbütteler TV,,Germany,1,0,1,1,0,1,1,0,1,0,0,0
25637,SO Chambéry,,France,1,1,2,1,1,2,1,1,2,0,0,0
42246,Europa FC,,Gibraltar,1,0,1,1,0,1,1,0,1,0,0,0
37448,Thyella Rafinas,,Greece,1,1,2,1,2,3,1,1,2,0,0,0
22338,Terracina Calcio 1925,,Italy,2,0,2,3,0,3,2,0,2,0,0,0
5582,W Connection,,Trinidad and Tobago,0,3,3,0,3,3,0,3,3,0,0,0
6918,Chelsea FC U18,,England,0,5,5,0,5,5,0,5,5,0,0.222222,0.222222
6585,SV Bad Aussee,,Austria,2,1,3,3,2,5,2,1,3,0,0,0
45275,FC Pune City,,India,5,2,7,6,2,8,5,2,7,0,0,0
11720,South China AA,,Hongkong,4,1,5,4,1,5,4,1,5,0,0,0
26642,Bontang FC,,Indonesia,0,1,1,0,1,1,0,1,1,0,0,0
6068,Newry City AFC,,Northern Ireland,2,0,2,2,0,2,2,0,2,0,0,0
45189,Gsd Castelfidardo Calcio,,Italy,1,1,2,1,1,2,1,1,2,0,0,0
15917,El Ahly Cairo U23,,Egypt,0,2,2,0,2,2,0,2,2,0,0,0
43499,Supreme Court FC,,Nigeria,0,1,1,0,1,1,0,1,1,0,0,0
7319,Associação Atlética Anapolina (GO),,Brazil,1,4,5,1,4,5,1,4,5,0,0,0
36515,NK Metalleghe BSI,,Bosnia-Herzegovina,2,0,2,2,0,2,2,0,2,0,0,0
21363,Olympia SC Wijgmaal,,Belgium,3,1,4,3,3,6,3,1,4,0,0,0
4086,AS Lodigiani,,Italy,1,5,6,1,7,8,1,5,6,0,0,0
45423,Opountios Martinou,,Greece,2,0,2,3,0,3,2,0,2,0,0,0
28024,Futebol Clube Santa Cruz (RS),,Brazil,0,2,2,0,2,2,0,2,2,0,0,0
22256,Piovese Calcio,,Italy,0,1,1,0,1,1,0,1,1,0,0,0
12706,Union Squiffiec-Tregonneau,,France,1,0,1,1,0,1,1,0,1,0,0,0
4313,HB Tórshavn,,Faroe Island,0,1,1,0,1,1,0,1,1,0,0,0
54575,AC Fanfulla 1874,,Italy,0,2,2,0,2,2,0,2,2,0,0,0
28546,Monte Alegre Futebol Clube (SP),,Brazil,0,1,1,0,1,1,0,1,1,0,0.034188,0.034188
1127,FC Halifax Town,,England,2,5,7,2,6,8,2,5,7,0,0,0
27132,FK Vujic Voda Valjevo,,Serbia,1,0,1,1,0,1,1,0,1,0,0,0
42614,La Suze-sur-Sarthe FC,,France,0,1,1,0,1,1,0,1,1,0,0,0
10283,Sporting CP U19,,Portugal,0,4,4,0,5,5,0,4,4,0,0.286132,0.286132
15832,Shabab Al-Ordon Al-Qadisiya,,Jordan,1,2,3,1,2,3,1,2,3,0,0.060657,0.060657
8517,Genoa Primavera,,Italy,1,2,3,1,2,3,1,2,3,0,0,0
22048,Scafatese Calcio 1922,,Italy,3,3,6,3,3,6,3,3,6,0,0,0
30443,Monts d'Or Azergues Foot,,France,2,0,2,2,0,2,2,0,2,0,0,0
22502,Cefn Druids AFC,,Wales,1,0,1,1,0,1,1,0,1,0,0,0
6340,Braintree Town,,England,2,0,2,2,0,2,2,0,2,0,0,0
10755,Riccione,,Italy,0,2,2,0,2,2,0,2,2,0,0,0
10560,Grêmio Esportivo Brasil (RS),,Brazil,1,1,2,1,1,2,1,1,2,0,0,0
10761,Al-Jamahiriyah,,Libya,1,1,2,1,1,2,1,1,2,0,0.062775,0.062775
13467,Racing FC Union Luxembourg,,Luxembourg,1,0,1,1,0,1,1,0,1,0,0,0
6058,Nyíregyháza Spartacus,,Hungary,1,2,3,1,2,3,1,2,3,0,0,0
48652,Anagennisi Mantoudiou,,Greece,0,1,1,0,1,1,0,1,1,0,0,0
5303,1.FC Union Berlin II,,Germany,0,2,2,0,2,2,0,2,2,0,0,0
20628,DAC Dunajska Streda B,,Slovakia,1,1,2,1,1,2,1,1,2,0,0,0
44335,Casalgrandese,,Italy,1,0,1,1,0,1,1,0,1,0,0,0
25176,Frenaros FC,,Cyprus,1,1,2,1,1,2,1,1,2,0,0,0
13451,Beykozspor 1908,,Turkey,1,3,4,1,4,5,1,3,4,0,0,0
19697,KF Drenica,,Kosovo,1,0,1,1,0,1,1,0,1,0,0,0
326,SV Traun,,Austria,2,0,2,2,0,2,2,0,2,0,0,0
12663,Arsenal Kiew II,,Ukraine,0,1,1,0,1,1,0,1,1,0,0,0
5870,Ölstykke FC,,Denmark,1,0,1,1,0,1,1,0,1,0,0,0
38929,Meizhou Hakka,,China,2,1,3,2,1,3,2,1,3,0.013158,0,0.013158
37468,MAS Taborsko B,,Czech Republic,0,1,1,0,1,1,0,1,1,0,0,0
18837,ATSV Deutsch-Wagram,,Austria,1,0,1,1,0,1,1,0,1,0,0,0
28654,USD Novese,,Italy,1,1,2,1,1,2,1,1,2,0,0,0
13523,Les Herbiers VF,,France,4,2,6,4,2,6,4,2,6,0,0,0
51528,KFC Antonia,,Belgium,1,0,1,1,0,1,1,0,1,0,0,0
9645,CA Tiro Federal,,Argentina,4,2,6,4,2,6,4,2,6,0,0.031915,0.031915
38186,Al-Fahaheel Sporting Club,,Kuwait,1,0,1,1,0,1,1,0,1,0,0,0
11213,NK Granicar Gradip Tucenik,,Croatia,1,0,1,1,0,1,1,0,1,0,0,0
11693,San Luis FC,,Mexico,2,1,3,2,1,3,2,1,3,0,0,0
12859,FK Lovcen Cetinje,,Montenegro,1,1,2,1,1,2,1,1,2,0,0,0
1404,1.FC Saarbrücken II,,Germany,1,0,1,1,0,1,1,0,1,0,0,0
41232,La Storta,,Italy,0,1,1,0,1,1,0,1,1,0,0,0
14725,FC Groningen U21,,Netherlands,2,6,8,3,8,11,2,6,8,0,0,0
9710,Dubai Cultural Sports Club,,United Arab Emirates,2,1,3,2,1,3,2,1,3,0,0,0
19627,Horizont Turnovo,,North Macedonia,1,1,2,1,1,2,1,1,2,0,0,0
12037,Friburguense Atlético Clube (RJ),,Brazil,0,3,3,0,3,3,0,3,3,0,0,0
37834,FC Aurore Bienne,,Switzerland,0,1,1,0,1,1,0,1,1,0,0,0
34767,CS Turnu-Severin,,Romania,1,1,2,1,1,2,1,1,2,0,0,0
35060,CS Uruguay de Coronado,,Costa Rica,1,0,1,1,0,1,1,0,1,0,0,0
32036,Avanhard Kramatorsk,,Ukraine,3,2,5,4,2,6,3,2,5,0,0,0
21851,Aittitos Spaton,,Greece,4,0,4,4,0,4,4,0,4,0,0,0
2840,Gronitas Groningen,,Netherlands,1,0,1,1,0,1,1,0,1,0,0,0
13687,União Recreativa dos Trabalhadores (MG),,Brazil,2,0,2,2,0,2,2,0,2,0,0,0
20778,Agrispor,,Turkey,1,1,2,1,1,2,1,1,2,0,0,0
11118,Jakubčovice Fotbal,,Czech Republic,3,0,3,3,0,3,3,0,3,0,0,0
13297,Deportivo Táchira,,Venezuela,5,4,9,5,4,9,5,4,9,0,0.095491,0.095491
19128,Associazione Calcio Thiene,,Italy,1,0,1,1,0,1,1,0,1,0,0,0
14758,Racing Club de Montevideo,,Uruguay,1,3,4,1,4,5,1,3,4,0,0.095238,0.095238
10680,Bidvest Wits FC,,South Africa,6,2,8,6,2,8,6,2,8,0,0.047619,0.047619
22317,Foligno Juniores,,Italy,0,1,1,0,2,2,0,1,1,0,0,0
8323,FC Höchst,,Austria,2,1,3,3,2,5,2,1,3,0,0,0
20526,Palmira Odessa,,Ukraine,1,1,2,1,1,2,1,1,2,0,0,0
12694,NK Hrvace,,Croatia,1,1,2,2,2,4,1,1,2,0,0,0
23505,CD Leones Negros de la UdeG,,Mexico,1,0,1,1,0,1,1,0,1,0,0,0
35443,Orfeas Eleftheroupolis,,Greece,1,2,3,2,2,4,1,2,3,0,0,0
1497,FC Bihor Oradea,,Romania,2,2,4,2,2,4,2,2,4,0,0.08,0.08
33727,Queens Park Rangers U23,,England,1,0,1,1,0,1,1,0,1,0,0,0
6444,Poseidon Neon Poron,,Greece,3,2,5,3,4,7,3,2,5,0,0,0
30289,GD Oliveira Frades,,Portugal,0,1,1,0,2,2,0,1,1,0,0,0
9518,Yeni Ereglispor,,Turkey,2,2,4,2,2,4,2,2,4,0,0,0
38269,FK Pohronie,,Slovakia,2,1,3,2,1,3,2,1,3,0,0,0
3053,Northwich Victoria,,England,2,0,2,4,0,4,2,0,2,0,0,0
8143,São Raimundo Esporte Clube (AM),,Brazil,0,1,1,0,2,2,0,1,1,0,0,0
22766,NK Mladost Zdralovi,,Croatia,1,0,1,1,0,1,1,0,1,0,0,0
15002,Clube de Regatas do Flamengo U20,,Brazil,0,2,2,0,2,2,0,2,2,0,0.324173,0.324173
851,1.FSV Mainz 05 II,,Germany,2,4,6,2,4,6,2,4,6,0,0.017333,0.017333
6139,Atvidabergs FF,,Sweden,0,2,2,0,2,2,0,2,2,0,0.119048,0.119048
41506,ASD Valtarese Calcio,,Italy,1,0,1,1,0,1,1,0,1,0,0,0
844,TSG Dülmen,,Germany,0,1,1,0,1,1,0,1,1,0,0,0
18143,TUS Bad Waltersdorf,,Austria,1,1,2,1,1,2,1,1,2,0,0,0
65876,Elm City Express,,United States,1,0,1,1,0,1,1,0,1,0,0,0
12915,Vila FC,,Portugal,2,2,4,2,2,4,2,2,4,0,0,0
25580,Melbourne Heart FC,,Australia,10,6,16,10,10,20,10,6,16,0,0.188225,0.188225
16996,Hellas Verona Primavera,,Italy,0,2,2,0,2,2,0,2,2,0,0,0
14462,Difaâ El Jadida,,Morocco,0,1,1,0,1,1,0,1,1,0,0,0
4050,Écija Balompié,,Spain,2,1,3,2,1,3,2,1,3,0,0,0
5374,FC Balzers,,Switzerland,1,1,2,1,1,2,1,1,2,0,0,0
15893,NK Zrinski Tordinci,,Croatia,2,1,3,3,2,5,2,1,3,0,0,0
6056,Kaposvári Rákóczi FC,,Hungary,3,8,11,3,8,11,3,8,11,0,0.065789,0.065789
20192,SCU Hollenegg,,Austria,0,1,1,0,1,1,0,1,1,0,0,0
438,1.FC Köln II,,Germany,1,1,2,1,1,2,1,1,2,0,0,0
12522,AC Vila Meã,,Portugal,1,1,2,1,1,2,1,1,2,0,0,0
31450,Persis Solo,,Indonesia,1,0,1,1,0,1,1,0,1,0,0,0
10727,Dinamo Makhachkala,,Russia,2,1,3,2,1,3,2,1,3,0,0.113954,0.113954
4576,Club Juan Aurich,,Peru,5,3,8,5,3,8,5,3,8,0.042735,0.238095,0.28083
10825,FC Sochaux-Montbéliard B,,France,0,2,2,0,2,2,0,2,2,0,0,0
18470,FC Rijnvogels,,Netherlands,1,0,1,1,0,1,1,0,1,0,0,0
45935,Akademija Pandev,,North Macedonia,1,1,2,1,1,2,1,1,2,0,0.007407,0.007407
4448,SV Braunau,,Austria,5,5,10,7,6,13,5,5,10,0,0,0
10970,FC Brüssel U19,,Belgium,0,3,3,0,3,3,0,3,3,0,0,0
26340,Paganese Berretti,,Italy,0,1,1,0,1,1,0,1,1,0,0,0
8981,Bromley FC,,England,1,1,2,1,1,2,1,1,2,0,0,0
711,Siarka Tarnobrzeg,,Poland,0,1,1,0,1,1,0,1,1,0,0,0
12517,Metalist Kharkiv II,,Ukraine,5,9,14,5,9,14,5,9,14,0,0,0
16055,Bergantiños FC,,Spain,1,0,1,1,0,1,1,0,1,0,0,0
19684,Jeju United FC,,"Korea, South",5,6,11,6,6,12,5,6,11,0,0.5399,0.5399
21655,Sport Huancayo,,Peru,1,0,1,1,0,1,1,0,1,0,0,0
25819,CDR Quarteirense,,Portugal,1,1,2,1,3,4,1,1,2,0,0,0
20834,FC Merani Tbilisi,,Georgia,1,0,1,1,0,1,1,0,1,0,0,0
7048,Bradford Park Avenue,,England,1,0,1,1,0,1,1,0,1,0,0,0
16178,Jaguares de Chiapas Premier,,Mexico,0,1,1,0,1,1,0,1,1,0,0,0
43993,ASD Romagna Centro,,Italy,0,1,1,0,1,1,0,1,1,0,0,0
2785,Hapoel Ramat Gan,,Israel,4,1,5,4,1,5,4,1,5,0,0,0
39212,PSV Eindhoven U17,,Netherlands,0,1,1,0,1,1,0,1,1,0,0,0
17499,Malavan of Bandar Anzali,,Iran,1,1,2,1,1,2,1,1,2,0,0,0
8506,Albacete Balompié B,,Spain,0,1,1,0,1,1,0,1,1,0,0,0
21845,Sociedade Boca Júnior Futebol Clube (SE),,Brazil,1,0,1,1,0,1,1,0,1,0,0,0
22214,Demir Celik Divrigispor,,Turkey,1,2,3,1,2,3,1,2,3,0,0,0
23206,Entente sportive Uzès Pont du Gard,,France,0,2,2,0,2,2,0,2,2,0,0,0
6226,SCP Ruzomberok,,Slovakia,0,2,2,0,2,2,0,2,2,0,0,0
8789,TSV Pöllau,,Austria,1,0,1,1,0,1,1,0,1,0,0,0
14707,Real Oviedo Vetusta,,Spain,2,1,3,2,1,3,2,1,3,0,0,0
13406,CE Premià,,Spain,0,1,1,0,1,1,0,1,1,0,0,0
19964,GVVV Veenendaal,,Netherlands,3,1,4,3,1,4,3,1,4,0,0,0
17131,ASM Belfort,,France,0,3,3,0,3,3,0,3,3,0,0,0
11039,Bystrzyca Katy Wroclawskie,,Poland,1,0,1,1,0,1,1,0,1,0,0,0
6268,AO Tympakiou,,Greece,1,0,1,1,0,1,1,0,1,0,0,0
3221,Saran Keskinspor,,Turkey,1,1,2,1,1,2,1,1,2,0,0,0
19918,Lecco Giovanili,,Italy,0,1,1,0,1,1,0,1,1,0,0,0
27116,FK Kukësi,,Albania,3,4,7,3,4,7,3,4,7,0,0.064804,0.064804
11622,Universidad San Martín de Porres,,Peru,5,4,9,5,4,9,5,4,9,0,0.061185,0.061185
12280,Deportivo Azogues,,Ecuador,1,1,2,1,1,2,1,1,2,0,0,0
29292,FC Presikhaaf,,Netherlands,0,1,1,0,2,2,0,1,1,0,0,0
8493,Padroense FC,,Portugal,1,3,4,1,4,5,1,3,4,0,0,0
16054,Sparta Oborniki,,Poland,1,1,2,1,1,2,1,1,2,0,0,0
22063,Castellettese Calcio,,Italy,0,1,1,0,1,1,0,1,1,0,0,0
33974,NK Omladinac Novo Selo Rok,,Croatia,1,0,1,1,0,1,1,0,1,0,0,0
20690,HNK Sloga Uskoplje,,Bosnia-Herzegovina,2,1,3,2,1,3,2,1,3,0,0,0
60644,Kubanskaya Korona Shevchenko,,Russia,1,0,1,1,0,1,1,0,1,0,0,0
1394,SV Buchonia Flieden,,Germany,1,0,1,1,0,1,1,0,1,0,0,0
31320,Al-Fujairah SC,,United Arab Emirates,1,3,4,1,3,4,1,3,4,0,0.033784,0.033784
2719,Mjällby AIF,,Sweden,7,7,14,8,8,16,7,7,14,0,0.055338,0.055338
2831,Atletico Universidad (PER),,Peru,0,1,1,0,1,1,0,1,1,0,0,0
15172,AC Goianiense (GO),,Brazil,6,5,11,6,5,11,6,5,11,0,0,0
63687,K. Sint-Niklase SK Excelsior,,Belgium,0,1,1,0,4,4,0,1,1,0,0,0
13205,FK Vidnoe,,Russia,0,1,1,0,1,1,0,1,1,0,0,0
9206,Arnold Town,,England,0,1,1,0,1,1,0,1,1,0,0,0
23633,Bastion Ilichivsk,,Ukraine,1,2,3,1,2,3,1,2,3,0,0,0
42822,AKA SK Austria Kärnten U17,,Austria,0,2,2,0,2,2,0,2,2,0,0,0
15299,Zhetysu Taldykorgan,,Kazakhstan,6,1,7,6,1,7,6,1,7,0,0,0
4363,Torpedo-SKA Minsk,,Belarus,6,4,10,6,4,10,6,4,10,0,0,0
37163,Union Kopfing,,Austria,1,0,1,1,0,1,1,0,1,0,0,0
16651,Associação Portuguesa de Desportos (SP) B,,Brazil,0,1,1,0,2,2,0,1,1,0,0,0
7084,CA Petróleos Luanda,,Angola,3,4,7,3,4,7,3,4,7,0,0.350469,0.350469
7460,AZ Alkmaar U19,,Netherlands,0,3,3,0,3,3,0,3,3,0,0,0
18517,SC Wiener Viktoria,,Austria,1,0,1,1,0,1,1,0,1,0,0,0
43283,JMG Academy Lier,,Belgium,0,1,1,0,3,3,0,1,1,0,0,0
36514,FC Boshuizen,,Netherlands,0,1,1,0,1,1,0,1,1,0,0,0
11878,SC Columbia Floridsdorf,,Austria,1,1,2,1,1,2,1,1,2,0,0,0
17970,SK Sokol Brozany,,Czech Republic,1,1,2,1,1,2,1,1,2,0,0,0
31727,FC Dender,,Nigeria,1,0,1,1,0,1,1,0,1,0,0,0
10840,AS Nancy-Lorraine B,,France,0,2,2,0,2,2,0,2,2,0,0.034884,0.034884
4282,Hyde United FC,,England,2,0,2,2,0,2,2,0,2,0,0,0
44286,Tire 1922 Spor,,Turkey,1,1,2,1,1,2,1,1,2,0,0,0
9612,Royal Antwerp FC U19,,Belgium,0,1,1,0,2,2,0,1,1,0,0,0
6079,Persepolis FC,,Iran,9,10,19,10,11,21,9,10,19,0.412698,0.608119,1.020818
11090,CD Platense,,Honduras,1,1,2,1,1,2,1,1,2,0,0,0
33472,SK Sulko-Zabreh,,Czech Republic,2,2,4,2,4,6,2,2,4,0,0,0
9060,FK BSK Borca,,Serbia,1,3,4,1,3,4,1,3,4,0,0.026316,0.026316
28559,CA Bastia,,France,3,3,6,3,5,8,3,3,6,0,0,0
69,SSV Ulm 1846,,Germany,1,8,9,1,8,9,1,8,9,0,0.165936,0.165936
3075,Atletico de Conakry,,Guinea,1,2,3,1,2,3,1,2,3,0,0,0
40815,FK Slavia Orlová-Lutyně,,Czech Republic,1,0,1,1,0,1,1,0,1,0,0,0
6571,CD Águila,,El Salvador,1,1,2,1,1,2,1,1,2,0,0,0
37487,Dreams FC,,Ghana,0,3,3,0,3,3,0,3,3,0,0,0
23624,VfB Ginsheim,,Germany,1,0,1,1,0,1,1,0,1,0,0,0
46777,New York Cosmos B,,United States,1,0,1,1,0,1,1,0,1,0,0,0
1118,Örgryte IS,,Sweden,2,6,8,2,7,9,2,6,8,0,0.666667,0.666667
20829,FK BODVA Moldava nad Bodvou,,Slovakia,1,1,2,1,1,2,1,1,2,0,0,0
8474,Horoya AC,,Guinea,0,3,3,0,3,3,0,3,3,0,0,0
2500,Parramatta Power,,Australia,1,4,5,1,4,5,1,4,5,0,0.062573,0.062573
19790,NK Mladost Prelog,,Croatia,1,1,2,1,1,2,1,1,2,0,0,0
7806,ATSV Ranshofen,,Austria,1,0,1,1,0,1,1,0,1,0,0,0
16674,Stade Brest 29 B,,France,0,1,1,0,1,1,0,1,1,0,0,0
2711,ASC De Volewijckers,,Netherlands,1,1,2,1,1,2,1,1,2,0,0,0
1534,Aurrera de Vitoria,,Spain,2,0,2,2,0,2,2,0,2,0,0,0
29805,NK Ilovac,,Croatia,1,1,2,1,6,7,1,1,2,0,0,0
92,SC Fortuna Köln,,Germany,6,6,12,6,9,15,6,6,12,0,0.006452,0.006452
22461,Caernarfon Town,,Wales,1,1,2,1,1,2,1,1,2,0,0,0
11853,SV Austria Salzburg,,Austria,4,2,6,4,4,8,4,2,6,0,0,0
21511,SC Wegberg,,Germany,1,0,1,1,0,1,1,0,1,0,0,0
42814,Miami FC,,United States,1,1,2,1,1,2,1,1,2,0,0,0
15591,MVV Maastricht U19,,Netherlands,0,1,1,0,1,1,0,1,1,0,0,0
41906,Thermal Abano Teolo,,Italy,1,0,1,1,0,1,1,0,1,0.008946,0,0.008946
11669,Cádiz CF B,,Spain,1,0,1,1,0,1,1,0,1,0,0,0
13329,Standard Sumqayit,,Azerbaijan,2,1,3,2,1,3,2,1,3,0,0,0
31255,SS Akragas Città dei Templi,,Italy,1,8,9,1,9,10,1,8,9,0,0,0
27347,ASD Borgorosso Arenzano,,Italy,0,1,1,0,1,1,0,1,1,0,0,0
7483,FC Türkiyemspor Amsterdam,,Netherlands,1,0,1,1,0,1,1,0,1,0,0,0
51663,Atlanta United FC,,United States,3,2,5,3,2,5,3,2,5,0.428571,1.777778,2.206349
571,BV Cloppenburg,,Germany,2,0,2,2,0,2,2,0,2,0,0,0
27472,ASD Villafranca Veronese,,Italy,2,1,3,2,1,3,2,1,3,0,0,0
20405,Clube de Desportos do Maxaquene,,Mozambique,1,1,2,1,1,2,1,1,2,0,0,0
17279,Dagdiesel Kaspijsk,,Russia,0,1,1,0,2,2,0,1,1,0,0,0
68713,GDCRS Vila de Silgueiros,,Portugal,1,0,1,1,0,1,1,0,1,0,0,0
25242,Centro Sportivo Paraibano (PB),,Brazil,2,1,3,2,1,3,2,1,3,0,0.047619,0.047619
534,Pelister Bitola,,North Macedonia,2,4,6,2,4,6,2,4,6,0,0.02924,0.02924
17467,Cortuluá,,Colombia,2,2,4,2,2,4,2,2,4,0,0.133668,0.133668
7454,Welling United,,England,2,1,3,2,1,3,2,1,3,0,0,0
12795,AC Sparta Prag U19,,Czech Republic,0,4,4,0,4,4,0,4,4,0,0,0
8476,Panionios Athen U19,,Greece,0,1,1,0,1,1,0,1,1,0,0,0
34247,SC Guadalupe,,Portugal,0,1,1,0,1,1,0,1,1,0,0,0
54359,ASD Troina,,Italy,0,1,1,0,1,1,0,1,1,0,0,0
4575,PSV Eindhoven U19,,Netherlands,1,5,6,1,5,6,1,5,6,0,0.049505,0.049505
853,F91 Dudelange,,Luxembourg,8,1,9,9,1,10,8,1,9,0,0,0
2378,Muglaspor,,Turkey,5,7,12,5,8,13,5,7,12,0,0,0
22653,Makrochori,,Greece,0,3,3,0,3,3,0,3,3,0,0,0
15047,Esporte Clube Noroeste (SP),,Brazil,2,2,4,2,2,4,2,2,4,0,0,0
27733,SC Hörsching,,Austria,2,0,2,2,0,2,2,0,2,0,0,0
7535,Esporte Clube São José (RS),,Brazil,2,3,5,2,3,5,2,3,5,0,0,0
18522,VV Strijen,,Netherlands,1,0,1,1,0,1,1,0,1,0,0,0
4417,Innsbrucker AC,,Austria,1,1,2,1,1,2,1,1,2,0,0,0
50220,Feyenoord U18,,Netherlands,0,1,1,0,1,1,0,1,1,0,0,0
14821,Pisa Berretti,,Italy,0,1,1,0,1,1,0,1,1,0,0,0
8669,Rovigo Calcio,,Italy,1,1,2,1,1,2,1,1,2,0,0,0
14893,Spezia Primavera,,Italy,0,3,3,0,3,3,0,3,3,0,0,0
16731,Torredonjimeno CF,,Spain,1,1,2,1,1,2,1,1,2,0,0,0
2082,Kremser SC,,Austria,2,2,4,3,2,5,2,2,4,0,0.006607,0.006607
31518,HNK Branitelj Mostar,,Bosnia-Herzegovina,1,1,2,1,1,2,1,1,2,0,0,0
15055,Figueirense Futebol Clube U17,,Brazil,0,1,1,0,1,1,0,1,1,0,0.316251,0.316251
22643,Sabé Sports de Bouna,,Cote d'Ivoire,0,1,1,0,2,2,0,1,1,0,0,0
35388,Ríver Atlético Clube (PI),,Brazil,1,0,1,1,0,1,1,0,1,0,0,0
8511,PAOK Thessaloniki U20,,Greece,1,1,2,1,1,2,1,1,2,0,0,0
44698,HNK Rijeka II,,Croatia,1,2,3,1,2,3,1,2,3,0,0,0
19005,Rio Clares FC,,Portugal,0,1,1,0,1,1,0,1,1,0,0.197368,0.197368
13294,Slavoj Kojetin,,Czech Republic,0,1,1,0,1,1,0,1,1,0,0,0
29793,Cardiff City U23,,Wales,0,1,1,0,1,1,0,1,1,0,0,0
684,Carlton SC,,Australia,0,2,2,0,2,2,0,2,2,0,0,0
6081,Zob Ahan Esfahan,,Iran,2,2,4,2,2,4,2,2,4,0,0.019355,0.019355
14187,Maritzburg United FC,,South Africa,1,0,1,1,0,1,1,0,1,0,0,0
9695,TSV Schott Mainz,,Germany,1,0,1,1,0,1,1,0,1,0,0,0
27484,Polisportiva Tamai,,Italy,1,2,3,2,2,4,1,2,3,0,0,0
6017,IFK Mariehamn,,Finland,3,3,6,3,4,7,3,3,6,0,0.119048,0.119048
10281,SV Allerheiligen,,Austria,4,0,4,4,0,4,4,0,4,0,0,0
37281,Doxa Neas Manoladas,,Greece,1,1,2,1,1,2,1,1,2,0,0,0
47286,FK Krupa na Vrbasu,,Bosnia-Herzegovina,1,1,2,1,1,2,1,1,2,0,0.025536,0.025536
8780,Sligo Rovers,,Ireland,2,4,6,2,4,6,2,4,6,0,0.027416,0.027416
20697,Torbalı Belediyespor,,Turkey,1,2,3,1,2,3,1,2,3,0,0,0
26349,Apejes FC de Mfou,,Cameroon,0,2,2,0,2,2,0,2,2,0,0,0
21934,FC Luftëtari,,Albania,1,1,2,2,1,3,1,1,2,0,0,0
19977,Hapoel Ashkelon,,Israel,1,2,3,1,2,3,1,2,3,0,0,0
25444,BG Pathum United,,Thailand,0,1,1,0,1,1,0,1,1,0,0,0
9061,NK Omladinac Vranjic,,Croatia,0,1,1,0,1,1,0,1,1,0,0,0
4443,SK Sturm Graz II,,Austria,1,1,2,1,1,2,1,1,2,0,0,0
5502,Grasshopper Club Zürich U21,,Switzerland,0,2,2,0,2,2,0,2,2,0,0.056738,0.056738
22253,Noicattaro Calcio,,Italy,0,1,1,0,9,9,0,1,1,0,0,0
8294,Tupi Football Club (MG),,Brazil,3,1,4,3,1,4,3,1,4,0,0,0
19657,Vendsyssel FF,,Denmark,5,2,7,5,2,7,5,2,7,0,0,0
12761,LB Châteauroux B,,France,0,2,2,0,2,2,0,2,2,0,0.010638,0.010638
5237,FC Sachsen Leipzig II,,Germany,1,0,1,1,0,1,1,0,1,0,0,0
6070,Al-Khaleej,,Saudi Arabia,2,0,2,2,0,2,2,0,2,0,0,0
11045,FK Radnicki Pirot,,Serbia,0,1,1,0,1,1,0,1,1,0,0,0
5503,SC Buochs,,Switzerland,1,0,1,1,0,1,1,0,1,0,0,0
8882,Ljungskile SK,,Sweden,1,0,1,1,0,1,1,0,1,0,0,0
944,Deportivo Quito,,Ecuador,0,1,1,0,1,1,0,1,1,0,0,0
8772,Synot Staré Mìsto,,Czech Republic,0,1,1,0,3,3,0,1,1,0,0,0
7794,UD Tocha,,Portugal,2,2,4,3,2,5,2,2,4,0,0,0
9607,Harlow Town,,England,1,0,1,1,0,1,1,0,1,0,0,0
14891,FBC Saronno 1910,,Italy,1,0,1,1,0,1,1,0,1,0,0,0
8658,APR FC Kigali,,Rwanda,1,2,3,1,2,3,1,2,3,0,0,0
5752,Goiânia Esporte Clube (GO),,Brazil,0,1,1,0,1,1,0,1,1,0,0,0
45831,Athletic Club Odessa,,Ukraine,1,0,1,1,0,1,1,0,1,0,0,0
15656,Duque de Caxias Futebol Clube (RJ),,Brazil,3,2,5,3,3,6,3,2,5,0,0,0
3331,Desportivo de Ronfe,,Portugal,1,1,2,1,1,2,1,1,2,0,0,0
44289,Dibba Al-Fujairah,,United Arab Emirates,1,1,2,1,1,2,1,1,2,0,0,0
18446,CF Peralada-Girona B,,Spain,1,1,2,1,1,2,1,1,2,0,0,0
2679,Ethnikos Sidirokastrou,,Greece,0,1,1,0,1,1,0,1,1,0,0,0
24407,AFK Velim,,Czech Republic,0,1,1,0,1,1,0,1,1,0,0,0
5656,SV Holzwickede,,Germany,0,1,1,0,1,1,0,1,1,0,0,0
463,Schwarz-Weiß Essen,,Germany,2,0,2,2,0,2,2,0,2,0,0,0
27868,SV Rosegg,,Austria,1,0,1,1,0,1,1,0,1,0,0,0
34504,GS Loures,,Portugal,0,1,1,0,1,1,0,1,1,0,0,0
6933,Aston Villa U18,,England,0,1,1,0,1,1,0,1,1,0,0,0
39074,Botafogo Sport Club (BA),,Brazil,1,1,2,1,1,2,1,1,2,0,0,0
12384,GD Beira-Mar Monte Gordo,,Portugal,2,0,2,2,0,2,2,0,2,0,0,0
3291,Gornik Leczna,,Poland,6,4,10,6,4,10,6,4,10,0.018356,0,0.018356
10790,ASWH Ambacht,,Netherlands,3,0,3,3,0,3,3,0,3,0,0,0
2376,Aydinspor 1923,,Turkey,1,4,5,1,4,5,1,4,5,0,0.013158,0.013158
27349,ASD Chieri Calcio,,Italy,1,1,2,1,1,2,1,1,2,0,0,0
49425,Bali United FC,,Indonesia,1,0,1,1,0,1,1,0,1,0,0,0
45668,Dimitra Giannoulis,,Greece,0,1,1,0,1,1,0,1,1,0,0,0
977,FC Rodopa,,Bulgaria,1,1,2,1,1,2,1,1,2,0,0,0
20084,Khimik Novomoskovsk,,Russia,0,1,1,0,1,1,0,1,1,0,0,0
24361,Alghero 1945,,Italy,3,2,5,3,3,6,3,2,5,0,0,0
21722,Apollon Litochorou,,Greece,0,1,1,0,1,1,0,1,1,0,0,0
22274,Valle d'Aosta Calcio,,Italy,1,3,4,1,3,4,1,3,4,0,0,0
64008,SK Petrin Plzen,,Czech Republic,1,0,1,1,0,1,1,0,1,0,0,0
22832,JK Sillamäe Kalev,,Estonia,0,2,2,0,2,2,0,2,2,0,0,0
7878,Évreux Football Club 27,,France,1,0,1,1,0,1,1,0,1,0,0,0
21406,Yesil-Bogatyr Petropavlovsk,,Kazakhstan,0,1,1,0,1,1,0,1,1,0,0,0
1894,Hvidovre IF,,Denmark,0,2,2,0,2,2,0,2,2,0,0,0
5370,Karlsruher SC U19,,Germany,0,2,2,0,2,2,0,2,2,0,0.005681,0.005681
12125,Democrata Futebol Clube (MG),,Brazil,1,1,2,1,1,2,1,1,2,0,0,0
5215,Villa Nova Atlético Clube (MG),,Brazil,2,1,3,2,1,3,2,1,3,0,0,0
22035,Faenza Calcio,,Italy,1,0,1,1,0,1,1,0,1,0,0,0
3148,Etoile de Guinée Conakry,,Guinea,1,3,4,1,3,4,1,3,4,0,0,0
24501,Baikal Irkutsk,,Russia,0,1,1,0,1,1,0,1,1,0,0,0
43423,Fenerbahce SK Youth,,Turkey,0,1,1,0,1,1,0,1,1,0,0,0
10327,FC Bleid,,Belgium,2,0,2,2,0,2,2,0,2,0,0,0
66561,Afyonspor,,Turkey,0,1,1,0,1,1,0,1,1,0,0,0
36593,Corona Brasov,,Romania,0,1,1,0,1,1,0,1,1,0,0,0
46153,Fabriano Cerreto,,Italy,1,0,1,1,0,1,1,0,1,0,0,0
6949,Blackburn Rovers U18,,England,0,3,3,0,4,4,0,3,3,0,0.006452,0.006452
17548,PAE Veria U20,,Greece,0,1,1,0,1,1,0,1,1,0,0,0
1033,Valur Reykjavík,,Iceland,2,2,4,2,2,4,2,2,4,0,0,0
13806,CD Cobena,,Spain,1,0,1,1,0,1,1,0,1,0,0,0
1525,Klagenfurter AC 1909,,Austria,1,0,1,1,0,1,1,0,1,0,0,0
4557,Club Ferro Carril Oeste,,Argentina,3,4,7,3,4,7,3,4,7,0,0.182327,0.182327
18546,CS Louhans-Cuiseaux B,,France,0,1,1,0,1,1,0,1,1,0,0,0
26158,GS Ilioupolis U20,,Greece,0,1,1,0,1,1,0,1,1,0,0,0
31125,NK Tomislav Drnje,,Croatia,1,0,1,1,0,1,1,0,1,0,0,0
21735,gvv Velocitas,,Netherlands,1,0,1,1,0,1,1,0,1,0,0,0
50529,FK Yevpatoria,,Russia,1,0,1,1,0,1,1,0,1,0,0,0
16196,UE Cornellà,,Spain,1,1,2,1,1,2,1,1,2,0,0,0
13353,Club Tijuana,,Mexico,4,3,7,4,3,7,4,3,7,0.451592,0.666249,1.117841
35444,Orfeas Xanthi,,Greece,2,0,2,2,0,2,2,0,2,0,0,0
7968,Racing Strasbourg B,,France,0,5,5,0,5,5,0,5,5,0,0,0
27745,AC Malveira,,Portugal,0,1,1,0,1,1,0,1,1,0,0,0
3463,Glenavon FC,,Northern Ireland,1,0,1,1,0,1,1,0,1,0,0,0
12605,Real Balompédica Linense,,Spain,1,1,2,1,1,2,1,1,2,0,0,0
8075,SC Esmoriz,,Portugal,1,2,3,1,2,3,1,2,3,0,0,0
3308,Panelefsiniakos AO,,Greece,5,7,12,6,8,14,5,7,12,0,0,0
9260,Charlton Athletic U21,,England,2,0,2,2,0,2,2,0,2,0,0,0
10876,FC Gap Hautes Alpes,,France,2,1,3,2,1,3,2,1,3,0,0,0
11179,Halesowen Town,,England,1,1,2,1,1,2,1,1,2,0,0,0
29842,Concord Rangers,,England,0,1,1,0,1,1,0,1,1,0,0,0
1991,Gwarek Zabrze,,Poland,1,2,3,1,2,3,1,2,3,0,0.011395,0.011395
50586,Energomash Belgorod,,Russia,1,1,2,1,1,2,1,1,2,0,0,0
10665,The Highlanders,,Zimbabwe,0,1,1,0,3,3,0,1,1,0,0,0
25940,New York Red Bulls Academy,,United States,0,1,1,0,1,1,0,1,1,0,0,0
40509,FC Système,,DR Congo,1,0,1,1,0,1,1,0,1,0,0,0
5776,FC Fredericia,,Denmark,1,0,1,1,0,1,1,0,1,0,0,0
61124,Ellera,,Italy,1,0,1,1,0,1,1,0,1,0,0,0
7014,Sociedade Esportiva do Gama (DF),,Brazil,3,9,12,4,10,14,3,9,12,0,0.266667,0.266667
10446,Trabzonspor U21,,Turkey,1,1,2,1,1,2,1,1,2,0,0,0
16176,FC Slovan Havlickuv Brod,,Czech Republic,0,1,1,0,1,1,0,1,1,0,0,0
10716,VV Kloetinge,,Netherlands,1,2,3,1,2,3,1,2,3,0,0,0
9254,Tottenham Hotspur U21,,England,1,5,6,1,5,6,1,5,6,0,0.298571,0.298571
4295,Stafford Rangers,,England,1,3,4,2,4,6,1,3,4,0,0,0
22563,Oxford City FC,,England,1,0,1,1,0,1,1,0,1,0,0,0
10880,CS Sedan-Ardennes B,,France,0,2,2,0,2,2,0,2,2,0,0,0
30006,1.CfR Pforzheim,,Germany,1,0,1,1,0,1,1,0,1,0,0,0
22344,ACD Nardò,,Italy,0,1,1,0,1,1,0,1,1,0,0,0
22149,Associação Maga Esporte Clube (SC),,Brazil,3,2,5,3,2,5,3,2,5,0,0.34188,0.34188
5179,Brescello Calcio,,Italy,0,3,3,0,5,5,0,3,3,0,0,0
35273,PAO Vardas,,Greece,2,0,2,2,0,2,2,0,2,0,0,0
10919,AD Carregado,,Portugal,1,3,4,2,6,8,1,3,4,0,0,0
1812,Germania Gladbeck,,Germany,1,0,1,1,0,1,1,0,1,0,0,0
73232,FK Tomsk,,Russia,1,0,1,1,0,1,1,0,1,0,0,0
22381,Al-Raed,,Saudi Arabia,4,0,4,4,0,4,4,0,4,0.022222,0,0.022222
46157,Lentigione Calcio,,Italy,1,2,3,1,2,3,1,2,3,0,0,0
5970,FK Siauliai,,Lithuania,3,1,4,3,1,4,3,1,4,0,0,0
35328,SV Weiden 1914/75,,Germany,1,0,1,1,0,1,1,0,1,0,0,0
32567,San Antonio Scorpions FC,,United States,2,2,4,2,3,5,2,2,4,0,0,0
13293,RCD España San Pedro Sula,,Honduras,2,1,3,2,1,3,2,1,3,0,0,0
13642,BVV Barendrecht,,Netherlands,2,0,2,2,0,2,2,0,2,0,0,0
23535,Nielba Wagrowiec,,Poland,1,0,1,1,0,1,1,0,1,0,0,0
17130,AS Saint-Priest,,France,0,1,1,0,1,1,0,1,1,0,0,0
106,VfR Mannheim,,Germany,0,1,1,0,1,1,0,1,1,0,0,0
4774,Chiapas FC,,Mexico,3,3,6,3,3,6,3,3,6,0,2.338978,2.338978
19280,CD San Luis de Quillota,,Chile,1,0,1,1,0,1,1,0,1,0,0,0
20949,NK Neretva Metkovic,,Croatia,0,3,3,0,3,3,0,3,3,0,0,0
3990,AO Agios Nikolaos,,Greece,2,2,4,2,6,8,2,2,4,0,0,0
4649,SV Anger,,Austria,1,1,2,1,2,3,1,1,2,0,0,0
42794,Atromitos Schimatariou,,Greece,0,1,1,0,1,1,0,1,1,0,0,0
9962,1.SC Norderstedt,,Germany,1,1,2,1,1,2,1,1,2,0,0,0
13379,Cúcuta Deportivo,,Colombia,2,1,3,2,1,3,2,1,3,0,0,0
9892,Bregalnica Stip,,North Macedonia,1,0,1,1,0,1,1,0,1,0,0,0
37339,OF Ierapetras,,Greece,2,0,2,2,0,2,2,0,2,0,0,0
20704,LPRC Oilers Monrovia,,Liberia,0,1,1,0,1,1,0,1,1,0,0,0
20228,FC Eisenach,,Germany,0,1,1,0,1,1,0,1,1,0,0,0
45422,RUS Rebecq,,Belgium,1,0,1,1,0,1,1,0,1,0,0,0
12001,Sampdoria Primavera,,Italy,1,3,4,1,3,4,1,3,4,0,0.296296,0.296296
18301,Komunalnik Luhansk,,Ukraine,4,0,4,4,0,4,4,0,4,0,0,0
16046,Stade Laval U19,,France,0,1,1,0,1,1,0,1,1,0,0,0
35455,Ajax Tavros,,Greece,0,1,1,0,1,1,0,1,1,0,0,0
38456,UE Olot,,Spain,1,0,1,1,0,1,1,0,1,0,0,0
3957,TuS Dornberg,,Germany,2,0,2,2,0,2,2,0,2,0,0,0
22905,NK Libertas Novska,,Croatia,0,1,1,0,1,1,0,1,1,0,0,0
3692,Raufoss IL,,Norway,1,0,1,2,0,2,1,0,1,0,0,0
46145,Badesse Calcio,,Italy,1,0,1,1,0,1,1,0,1,0,0,0
25809,AD Fornos de Algodres,,Portugal,1,2,3,1,2,3,1,2,3,0,0,0
36348,NK Inter Zapresic U17,,Croatia,0,1,1,0,1,1,0,1,1,0,0,0
27049,CS Scandicci 1908,,Italy,2,0,2,2,0,2,2,0,2,0,0,0
9463,Ilkeston Town (liq.),,England,0,1,1,0,1,1,0,1,1,0,0,0
67711,SC St. Veit,,Austria,1,0,1,1,0,1,1,0,1,0,0,0
23738,Karlstad BK,,Sweden,0,1,1,0,1,1,0,1,1,0,0,0
14806,Club Atlético Cerro,,Uruguay,4,6,10,4,6,10,4,6,10,0,0.538627,0.538627
20095,Spartak-Chukotka Moskau,,Russia,0,5,5,0,5,5,0,5,5,0,0,0
13753,MFK Vyskov,,Czech Republic,2,2,4,3,2,5,2,2,4,0,0,0
25008,GS Rondinella Calcio,,Italy,1,0,1,2,0,2,1,0,1,0,0,0
51654,Feyenoord U17,,Netherlands,0,1,1,0,1,1,0,1,1,0,0,0
10885,Club Atlético Gimnasia y Esgrima (Jujuy),,Argentina,1,3,4,1,3,4,1,3,4,0,0,0
3362,IK Brage,,Sweden,1,0,1,1,0,1,1,0,1,0,0,0
62473,Landvetter IS,,Sweden,1,0,1,1,0,1,1,0,1,0,0,0
7557,SV Mattersburg II,,Austria,1,1,2,1,1,2,1,1,2,0,0,0
6697,Preston North End U18,,England,0,1,1,0,1,1,0,1,1,0,0,0
13593,Al-Shorta SC,,Iraq,1,1,2,1,2,3,1,1,2,0,0,0
11603,RC Deportivo B,,Spain,1,6,7,1,6,7,1,6,7,0,0,0
14350,Excelsior Rotterdam U19,,Netherlands,1,1,2,1,1,2,1,1,2,0,0,0
14657,Sporting Clube Praia,,Cape Verde,1,1,2,1,2,3,1,1,2,0,0,0
45961,Hartley Wintney FC,,England,1,0,1,1,0,1,1,0,1,0,0,0
11497,Atoladinhos FC,,Portugal,1,0,1,1,0,1,1,0,1,0,0,0
73879,Veere,,Netherlands,0,1,1,0,1,1,0,1,1,0,0,0
9598,Kawasaki Frontale,,Japan,1,3,4,1,3,4,1,3,4,0.016144,0.081222,0.097366
14842,Club Atlético Vélez Sarsfield II,,Argentina,0,1,1,0,1,1,0,1,1,0,0,0
13204,FK Istra,,Russia,0,4,4,0,4,4,0,4,4,0,0,0
31039,Comércio e Indústria,,Portugal,1,0,1,1,0,1,1,0,1,0,0,0
6066,Dundalk FC,,Ireland,3,1,4,4,1,5,3,1,4,0,0,0
49927,AO Elpidoforos Kifisias,,Greece,1,1,2,1,1,2,1,1,2,0,0,0
17489,Llaneros de Guanare EF,,Venezuela,0,2,2,0,2,2,0,2,2,0,0.006898,0.006898
6085,Spartak Tambov,,Russia,0,2,2,0,2,2,0,2,2,0,0.08,0.08
16087,Football Club de Vesoul,,France,1,1,2,1,1,2,1,1,2,0,0,0
4392,Clube Atlético Hermann Aichinger (SC),,Brazil,1,1,2,1,1,2,1,1,2,0,0,0
4548,US Ivrea Calcio,,Italy,1,0,1,1,0,1,1,0,1,0,0,0
26936,AO Karditsa,,Greece,1,1,2,1,1,2,1,1,2,0,0,0
12889,OFK Petrovac,,Montenegro,0,1,1,0,1,1,0,1,1,0,0,0
18986,1.FK Pribram U19,,Czech Republic,0,1,1,0,1,1,0,1,1,0,0,0
59008,NK Lomnica,,Croatia,1,0,1,1,0,1,1,0,1,0,0,0
14356,FC Olten,,Switzerland,1,0,1,1,0,1,1,0,1,0,0,0
27214,Operário Ferroviário Esporte Clube (PR),,Brazil,1,1,2,1,1,2,1,1,2,0,0,0
30157,AS Cagnes-Le Cros Football,,France,3,1,4,3,1,4,3,1,4,0,0,0
83,VfR Aalen,,Germany,7,9,16,7,9,16,7,9,16,0.018356,0.714286,0.732641
22815,CS Hammam-Lif,,Tunisia,2,0,2,2,0,2,2,0,2,0,0,0
44583,TVC '28,,Netherlands,1,0,1,1,0,1,1,0,1,0,0,0
5120,América Futebol Clube (SP),,Brazil,2,1,3,2,1,3,2,1,3,0,0,0
15447,Ontinyent CF,,Spain,1,1,2,1,1,2,1,1,2,0,0,0
21688,US Concarneau,,France,3,2,5,3,2,5,3,2,5,0,0,0
50861,RES Acrenoise,,Belgium,2,0,2,3,0,3,2,0,2,0,0,0
26598,FC Trélissac,,France,2,0,2,2,0,2,2,0,2,0,0,0
36414,FC Gullegem,,Belgium,1,1,2,2,1,3,1,1,2,0,0,0
15974,Eastern SC,,Hongkong,0,1,1,0,1,1,0,1,1,0,0,0
27187,Yildirim Bosnaspor,,Turkey,4,7,11,4,7,11,4,7,11,0,0,0
4380,Assyriska FF,,Sweden,3,7,10,3,7,10,3,7,10,0,0.066625,0.066625
11467,California Victory,,United States,1,0,1,1,0,1,1,0,1,0,0,0
27751,Shenyang Dongjin,,China,0,1,1,0,1,1,0,1,1,0,0,0
7448,FC Dornbirn,,Austria,2,2,4,2,2,4,2,2,4,0,0,0
51064,Guidars FC,,Mali,0,1,1,0,1,1,0,1,1,0,0.005198,0.005198
22444,Dnepr Smolensk,,Russia,1,1,2,1,1,2,1,1,2,0,0.000455,0.000455
54983,Nkufo Academy Sports,,Cameroon,1,0,1,1,0,1,1,0,1,0,0,0
7487,Kayserispor U21,,Turkey,0,1,1,0,1,1,0,1,1,0,0,0
54613,HVV Te Werve,,Netherlands,0,1,1,0,1,1,0,1,1,0,0,0
18843,VV Berkum,,Netherlands,1,0,1,1,0,1,1,0,1,0,0,0
3332,Imortal DC,,Portugal,5,2,7,6,3,9,5,2,7,0,0,0
13047,CSD Municipal,,Guatemala,0,1,1,0,1,1,0,1,1,0,0,0
22878,Rio Branco Esporte Clube (SP),,Brazil,3,2,5,4,2,6,3,2,5,0,0,0
2643,ZFC Meuselwitz,,Germany,1,1,2,1,1,2,1,1,2,0,0,0
20631,FC Nitra B,,Slovakia,0,1,1,0,2,2,0,1,1,0,0.014931,0.014931
20113,FCM Traiskirchen,,Austria,1,0,1,1,0,1,1,0,1,0,0,0
13751,SK Lipova,,Czech Republic,0,1,1,0,3,3,0,1,1,0,0,0
38757,Victorian Institute of Sport,,Australia,1,0,1,1,0,1,1,0,1,0,0,0
46830,FC Monteponi Iglesias,,Italy,1,0,1,1,0,1,1,0,1,0,0,0
6622,FK Mladost Lucani,,Serbia,4,3,7,4,3,7,4,3,7,0,0,0
22736,Associação Atlética Caldense (MG),,Brazil,0,1,1,0,1,1,0,1,1,0,0,0
9492,NK Jedinstvo Bihac,,Bosnia-Herzegovina,1,4,5,1,4,5,1,4,5,0,0,0
5708,SV Schaffhausen,,Switzerland,1,0,1,1,0,1,1,0,1,0,0,0
23560,Kruoja Pakruojis,,Lithuania,1,1,2,1,1,2,1,1,2,0,0,0
28597,Al-Batin,,Saudi Arabia,2,2,4,2,2,4,2,2,4,0,0,0
18961,SK Dolni Kounice,,Czech Republic,2,3,5,2,3,5,2,3,5,0,0,0
20110,Belasica Strumica,,North Macedonia,0,2,2,0,2,2,0,2,2,0,0,0
7098,Club Nacional Asunción,,Paraguay,4,0,4,5,0,5,4,0,4,0,0,0
4514,SG Rot-Weiß Frankfurt,,Germany,1,0,1,1,0,1,1,0,1,0,0,0
30613,Kisvárda FC,,Hungary,3,0,3,3,0,3,3,0,3,0,0,0
4094,SK Tatran Postorna,,Czech Republic,0,1,1,0,1,1,0,1,1,0,0,0
15276,FK Spartak Subotica,,Serbia,1,7,8,1,7,8,1,7,8,0,0.035609,0.035609
43068,Olimpik Kropyvnytsky,,Ukraine,1,0,1,1,0,1,1,0,1,0,0,0
37914,Alashkert Yerevan,,Armenia,3,1,4,3,1,4,3,1,4,0,0,0
5242,Manchester United U18,,England,0,1,1,0,1,1,0,1,1,0,0,0
5346,FC Heidelsheim,,Germany,0,1,1,0,1,1,0,1,1,0,0,0
12404,SV Wildon,,Austria,1,1,2,1,1,2,1,1,2,0,0,0
7011,Lamontville Golden Arrows,,South Africa,1,2,3,1,2,3,1,2,3,0,0.031915,0.031915
27818,Machine Sazi Tabriz,,Iran,2,1,3,2,1,3,2,1,3,0,0,0
15372,Club Atlético Independiente II,,Argentina,0,1,1,0,1,1,0,1,1,0,0,0
25765,Matsumoto Yamaga,,Japan,1,0,1,1,0,1,1,0,1,0,0,0
16655,Clube Atlético Mineiro B,,Brazil,0,3,3,0,3,3,0,3,3,0,0.131579,0.131579
12521,SK Tavriya Simferopol II,,Ukraine,0,1,1,0,1,1,0,1,1,0,0,0
10806,VVOG Harderwijk,,Netherlands,1,1,2,1,1,2,1,1,2,0,0,0
32306,NK Mladost Fazana,,Croatia,1,0,1,2,0,2,1,0,1,0,0,0
29236,Grêmio de Esportes Maringá (PR),,Brazil,1,0,1,1,0,1,1,0,1,0,0,0
11745,FK Moskau II,,Russia,1,4,5,1,5,6,1,4,5,0,0.105263,0.105263
13378,SV Neuhofen/SV Ried II,,Austria,0,1,1,0,1,1,0,1,1,0,0.019641,0.019641
14704,Grêmio Foot-Ball Porto Alegrense B,,Brazil,2,1,3,2,1,3,2,1,3,0,0.357143,0.357143
11959,Issia Wazi FC,,Cote d'Ivoire,0,2,2,0,2,2,0,2,2,0,0.05814,0.05814
9099,FAR Rabat,,Morocco,2,3,5,2,4,6,2,3,5,0,0.38181,0.38181
166,VfB Oldenburg,,Germany,2,1,3,2,1,3,2,1,3,0,0,0
27627,Trabzon Kanuni FK,,Turkey,0,1,1,0,1,1,0,1,1,0,0,0
18448,NK Slaven Zivinice,,Bosnia-Herzegovina,0,1,1,0,2,2,0,1,1,0,0,0
14446,NK Zagreb U19,,Croatia,0,3,3,0,4,4,0,3,3,0,0,0
53453,FC Ararat-Armenia Yerevan,,Armenia,1,0,1,1,0,1,1,0,1,0,0,0
43532,FK Tuzla City,,Bosnia-Herzegovina,0,1,1,0,1,1,0,1,1,0,0,0
3935,Oita Trinita,,Japan,3,1,4,3,1,4,3,1,4,0,0,0
33044,Crown FC,,Nigeria,0,1,1,0,1,1,0,1,1,0,0,0
24547,FC Karabakh Wien,,Austria,2,0,2,2,0,2,2,0,2,0,0,0
40416,Septemvri Sofia,,Bulgaria,1,1,2,1,1,2,1,1,2,0,0,0
67,SpVgg Unterhaching II,,Germany,0,2,2,0,2,2,0,2,2,0,0,0
3338,Paroquial de Fátima,,Portugal,1,0,1,1,0,1,1,0,1,0,0,0
21667,JMG Academy Abidjan,,Cote d'Ivoire,0,2,2,0,4,4,0,2,2,0,0,0
9264,Sunderland AFC U23,,England,0,1,1,0,1,1,0,1,1,0,0,0
24025,Ytterby IS,,Sweden,0,1,1,0,1,1,0,1,1,0,0,0
9666,CD Alcalá,,Spain,2,0,2,2,0,2,2,0,2,0,0,0
9480,Associação Esportiva Araçatuba (SP),,Brazil,1,2,3,1,2,3,1,2,3,0,0,0
7047,Maidstone United,,England,0,2,2,0,2,2,0,2,2,0,0,0
12363,Negeri Sembilan FA,,Malaysia,1,1,2,1,1,2,1,1,2,0,0,0
4588,AE Ampelokipon,,Greece,1,0,1,1,0,1,1,0,1,0,0,0
9702,Tivoli Gardens FC,,Jamaica,0,1,1,0,1,1,0,1,1,0,0,0
46060,GS Agion Anargyron,,Greece,1,0,1,1,0,1,1,0,1,0,0,0
860,Marconi Stallions,,Australia,0,3,3,0,3,3,0,3,3,0,0,0
3602,RAEC Mons U19,,Belgium,0,1,1,0,1,1,0,1,1,0,0,0
11416,NK Nehaj Senj,,Croatia,2,1,3,2,2,4,2,1,3,0,0,0
4026,CSV Apeldoorn,,Netherlands,2,1,3,2,1,3,2,1,3,0,0,0
44875,Calgary South West United,,Canada,0,1,1,0,1,1,0,1,1,0,0,0
222,BFC Dynamo,,Germany,1,0,1,1,0,1,1,0,1,0,0,0
6251,Kuopion Palloseura,,Finland,0,3,3,0,3,3,0,3,3,0,0,0
19503,Kücük Kaymakli,,Cyprus,1,0,1,1,0,1,1,0,1,0,0,0
20074,OFK 1948 Velky Lapas,,Slovakia,1,0,1,1,0,1,1,0,1,0,0,0
5696,Clube 15 de Novembro (RS),,Brazil,1,1,2,1,1,2,1,1,2,0,0,0
24284,Kilis Belediyespor,,Turkey,0,1,1,0,1,1,0,1,1,0,0,0
10263,SG Drautal,,Austria,0,1,1,0,1,1,0,1,1,0,0,0
52545,KVC Westerlo Reserve,,Belgium,0,2,2,0,2,2,0,2,2,0,0,0
50188,Asteras Ippiou,,Greece,1,0,1,1,0,1,1,0,1,0,0,0
22124,Puteolana 1902,,Italy,0,1,1,0,1,1,0,1,1,0,0,0
7690,UMF Grindavík,,Iceland,1,1,2,1,1,2,1,1,2,0,0,0
46469,De Treffers Under 19,,Netherlands,0,1,1,0,2,2,0,1,1,0,0,0
3963,Ittehad Alexandria,,Egypt,2,0,2,2,0,2,2,0,2,0,0,0
31304,Sageata Navodari,,Romania,0,2,2,0,2,2,0,2,2,0,0,0
2808,FSC Lohfelden,,Germany,1,1,2,1,1,2,1,1,2,0,0,0
12056,Krasnodar-2000,,Russia,2,4,6,2,6,8,2,4,6,0,0,0
45838,FK Kunice,,Czech Republic,1,3,4,1,4,5,1,3,4,0,0,0
7180,FC Lixa,,Portugal,1,2,3,1,2,3,1,2,3,0,0,0
3758,Stade Leuven,,Belgium,1,1,2,1,1,2,1,1,2,0,0,0
38439,NK Vihor Jelisavac,,Croatia,1,0,1,1,0,1,1,0,1,0,0,0
10958,Milan Primavera,,Italy,3,7,10,3,7,10,3,7,10,0.541666,0.074074,0.61574
28578,Diambars de Saly Dourbel,,Senegal,0,1,1,0,1,1,0,1,1,0,0,0
5177,ACD Trissino Valdagno,,Italy,0,1,1,0,1,1,0,1,1,0,0,0
21159,SK Votice,,Czech Republic,3,0,3,3,0,3,3,0,3,0,0,0
8969,Tikves Kavadarci,,North Macedonia,1,1,2,1,1,2,1,1,2,0,0,0
59159,Smolikas Falanis,,Greece,1,0,1,1,0,1,1,0,1,0,0,0
22309,Kilimli Belediyespor,,Turkey,2,1,3,2,1,3,2,1,3,0,0,0
26122,Banbury United,,England,0,2,2,0,2,2,0,2,2,0,0,0
2797,Gravesend and Northfleet FC,,England,2,1,3,2,1,3,2,1,3,0,0,0
12825,SK Sparta Krc,,Czech Republic,2,5,7,3,7,10,2,5,7,0,0,0
8166,FC Memmingen II,,Germany,0,1,1,0,1,1,0,1,1,0,0,0
14949,Orduspor II,,Turkey,0,1,1,0,1,1,0,1,1,0,0,0
29171,Zhejiang Yiteng,,China,0,1,1,0,1,1,0,1,1,0,0,0
27198,ASD HinterReggio Calcio,,Italy,2,1,3,2,1,3,2,1,3,0,0,0
1526,FSV Ludwigshafen Oggersheim,,Germany,1,1,2,2,1,3,1,1,2,0,0,0
64203,SK Steti,,Czech Republic,0,1,1,0,1,1,0,1,1,0,0,0
20831,Associação Atlética Santa Rita (AL),,Brazil,1,0,1,3,0,3,1,0,1,0,0,0
27103,SV Venray,,Netherlands,1,0,1,2,0,2,1,0,1,0,0,0
29261,Ottawa Wizards,,Canada,0,1,1,0,1,1,0,1,1,0,0,0
834,TSG Balingen,,Germany,1,0,1,1,0,1,1,0,1,0,0,0
54375,Asteras Petriti,,Greece,0,1,1,0,2,2,0,1,1,0,0,0
31155,ASD Cascina Calcio,,Italy,0,1,1,0,1,1,0,1,1,0,0,0
42394,Galway United FC,,Ireland,0,1,1,0,1,1,0,1,1,0,0.008373,0.008373
22064,Brasa Futebol Clube (SP),,Brazil,2,1,3,2,1,3,2,1,3,0,0.212766,0.212766
2491,SV Werder Bremen U19,,Germany,2,1,3,2,1,3,2,1,3,0,0,0
12497,Kütahyaspor,,Turkey,1,0,1,1,0,1,1,0,1,0,0,0
17568,Anápolis Futebol Clube (GO),,Brazil,2,2,4,2,2,4,2,2,4,0,0,0
8821,Helsingborgs IF U21,,Sweden,0,1,1,0,1,1,0,1,1,0,0,0
20537,KF Vëllaznimi Gjakovë,,Kosovo,1,2,3,1,2,3,1,2,3,0,0,0
391,VFC Plauen,,Germany,0,1,1,0,1,1,0,1,1,0,0,0
24645,Liga Muçulmana de Maputo,,Mozambique,3,3,6,4,4,8,3,3,6,0,0.009901,0.009901
10979,Deutschlandsberger SC,,Austria,1,2,3,1,2,3,1,2,3,0,0,0
5496,FC Naters Oberwallis,,Switzerland,1,0,1,1,0,1,1,0,1,0,0,0
480,FC Jokerit,,Finland,2,6,8,2,6,8,2,6,8,0,0.116129,0.116129
4339,Montevarchi Calcio Aquila 1902,,Italy,1,3,4,1,5,6,1,3,4,0,0,0
45274,Mumbai City FC,,India,3,1,4,3,2,5,3,1,4,0,0,0
8334,FK Baskimi,,North Macedonia,2,0,2,2,0,2,2,0,2,0,0,0
42839,Panthère Sportive du Ndé,,Cameroon,0,1,1,0,1,1,0,1,1,0,0.021277,0.021277
8282,SC Penalva do Castelo,,Portugal,1,3,4,1,3,4,1,3,4,0,0,0
34381,US Palestrina 1919,,Italy,1,0,1,1,0,1,1,0,1,0,0,0
35473,Pamisos Messinis,,Greece,1,0,1,1,0,1,1,0,1,0,0,0
15021,Bursaspor U21,,Turkey,0,4,4,0,4,4,0,4,4,0,0.02874,0.02874
3543,FK Mladenovac,,Serbia,0,1,1,0,1,1,0,1,1,0,0,0
24434,CD Lagun Onak,,Spain,0,1,1,0,1,1,0,1,1,0,0,0
37968,Nigde Anadolu FK,,Turkey,1,1,2,1,1,2,1,1,2,0,0,0
7879,FC Lauterach,,Austria,1,0,1,1,0,1,1,0,1,0,0,0
18566,ASK Bad Vöslau,,Austria,2,0,2,2,0,2,2,0,2,0,0,0
4080,Workington AFC,,England,0,1,1,0,2,2,0,1,1,0,0,0
35420,Neos Amfilochos,,Greece,0,1,1,0,1,1,0,1,1,0,0,0
14347,AC Horsens U19,,Denmark,0,1,1,0,1,1,0,1,1,0,0,0
3789,KSK Hasselt,,Belgium,4,2,6,4,3,7,4,2,6,0,0,0
41692,Ghivizzano Borgo a Mozzano,,Italy,1,0,1,1,0,1,1,0,1,0,0,0
37683,RC Arbaa,,Algeria,1,0,1,1,0,1,1,0,1,0,0,0
40045,PAS Florina,,Greece,1,0,1,1,0,1,1,0,1,0,0,0
12451,RKSV Groene Ster,,Netherlands,2,0,2,2,0,2,2,0,2,0,0,0
14727,Sport Club do Recife U20,,Brazil,0,2,2,0,3,3,0,2,2,0,0,0
28801,UKS SMS Lodz U19,,Poland,0,1,1,0,1,1,0,1,1,0,0,0
8601,Municipal Pérez Zeledón,,Costa Rica,0,1,1,0,1,1,0,1,1,0,0,0
3269,CSD Camara Lobos,,Portugal,1,0,1,1,0,1,1,0,1,0,0,0
34497,NK Brezice 1919,,Slovenia,2,0,2,2,0,2,2,0,2,0,0,0
6424,Spartak-UGP Anapa,,Russia,2,3,5,2,3,5,2,3,5,0,0,0
41544,Bayburt Grup Özel Idare Genclik Ve Spor,,Turkey,0,1,1,0,1,1,0,1,1,0,0,0
19447,Lärje-Angereds IF,,Sweden,0,1,1,0,1,1,0,1,1,0,0,0
8553,APEP Pitsilia,,Cyprus,3,1,4,3,1,4,3,1,4,0,0,0
1222,ASV Cham,,Germany,1,0,1,1,0,1,1,0,1,0,0,0
24767,Vera Cruz Futebol Clube (PE),,Brazil,0,1,1,0,1,1,0,1,1,0,0,0
10427,FC Ameri Tiflis,,Georgia,1,1,2,1,1,2,1,1,2,0,0.065789,0.065789
21475,CS Buftea,,Romania,1,0,1,1,0,1,1,0,1,0,0,0
6494,VSV TONEGIDO Voorburg,,Netherlands,1,0,1,3,0,3,1,0,1,0,0,0
14493,GS Prosotsani,,Greece,1,0,1,1,0,1,1,0,1,0,0,0
3810,Dinaburg Daugavpils,,Latvia,3,1,4,3,1,4,3,1,4,0,0,0
12565,Belediye Bingölspor,,Turkey,1,1,2,1,1,2,1,1,2,0,0,0
45792,Ciliverghe Mazzano,,Italy,0,1,1,0,1,1,0,1,1,0,0,0
21955,Union Luxemburg,,Luxembourg,1,0,1,1,0,1,1,0,1,0,0,0
10745,Diables Noirs Brazzaville,,Congo,1,0,1,1,0,1,1,0,1,0,0,0
6411,Soyuz-Gazprom Izhevsk,,Russia,1,2,3,1,2,3,1,2,3,0,0,0
29904,Tallinna FC Olympic,,Estonia,1,0,1,1,0,1,1,0,1,0,0,0
14448,NK Varteks Varazdin U19,,Croatia,0,1,1,0,1,1,0,1,1,0,0,0
701,Trelleborgs FF,,Sweden,2,3,5,2,3,5,2,3,5,0,0.08786,0.08786
50393,Ryutsu Keizai University,,Japan,0,1,1,0,1,1,0,1,1,0,0,0
19632,Club Atletico Excursionistas,,Argentina,0,1,1,0,1,1,0,1,1,0,0,0
5618,Lecce Primavera,,Italy,0,1,1,0,1,1,0,1,1,0,0,0
59083,Elpis Skoutareos,,Greece,0,1,1,0,1,1,0,1,1,0,0,0
20098,Annabichler SV,,Austria,2,0,2,2,0,2,2,0,2,0,0,0
6504,Daegu FC,,"Korea, South",3,2,5,3,2,5,3,2,5,0,0,0
22252,Todi Calcio,,Italy,0,1,1,0,1,1,0,1,1,0,0,0
52578,TJ Tatran Krásno nad Kysucou,,Slovakia,1,0,1,1,0,1,1,0,1,0,0,0
26392,Jeunesse Club d'Abidjan,,Cote d'Ivoire,0,1,1,0,1,1,0,1,1,0,0,0
44156,OFK Grbalj U19,,Montenegro,0,1,1,0,1,1,0,1,1,0,0,0
13910,FK Teplice U19,,Czech Republic,0,2,2,0,2,2,0,2,2,0,0,0
12135,FK Metalac Gornji Milanovac,,Serbia,0,2,2,0,2,2,0,2,2,0,0,0
27768,Minnesota United FC (NASL),,United States,0,1,1,0,1,1,0,1,1,0,0,0
6662,Amurrio Club,,Spain,2,1,3,2,1,3,2,1,3,0,0,0
8879,Meißner SV 08,,Germany,1,0,1,1,0,1,1,0,1,0,0,0
22333,AC Ponte San Pietro-Isola,,Italy,0,1,1,0,2,2,0,1,1,0,0,0
5849,Víkingur Reykjavík,,Iceland,0,2,2,0,2,2,0,2,2,0,0,0
35460,AO Kyanous Asteras Varis,,Greece,2,0,2,2,0,2,2,0,2,0,0,0
18595,SC Mineiro Aljustrelense,,Portugal,0,1,1,0,3,3,0,1,1,0,0,0
4054,Orihuela CF,,Spain,3,2,5,3,2,5,3,2,5,0,0,0
42821,AKA Wolfsberger AC U15,,Austria,1,0,1,1,0,1,1,0,1,0,0,0
30600,FC Rhône Vallée,,France,1,0,1,1,0,1,1,0,1,0,0,0
22560,NK Sladorana Zupanja,,Croatia,1,2,3,1,2,3,1,2,3,0,0,0
22673,Bridlington Town FC,,England,1,0,1,1,0,1,1,0,1,0,0,0
12061,Sochi-04,,Russia,0,1,1,0,2,2,0,1,1,0,0,0
6384,AD Esposende,,Portugal,0,1,1,0,1,1,0,1,1,0,0,0
4090,AS Gualdo Casacastalda,,Italy,1,3,4,1,3,4,1,3,4,0,0,0
34346,California Vulcans (University of Pennsylvania),,United States,1,0,1,1,0,1,1,0,1,0,0,0
23022,Gornyak Uchaly,,Russia,0,3,3,0,3,3,0,3,3,0,0,0
27050,Arzachena Costa Smeralda,,Italy,1,2,3,1,2,3,1,2,3,0,0,0
46811,FK Blansko,,Czech Republic,1,1,2,1,1,2,1,1,2,0,0,0
10604,Hibernians FC,,Malta,1,1,2,2,1,3,1,1,2,0,0,0
19600,SV Waidhofen/Thaya,,Austria,1,0,1,1,0,1,1,0,1,0,0,0
40912,Mariano Keller,,Italy,1,1,2,1,1,2,1,1,2,0,0,0
20406,Reggiana Berretti,,Italy,0,1,1,0,1,1,0,1,1,0,0.109136,0.109136
688,TSV Aindling,,Germany,1,0,1,1,0,1,1,0,1,0,0,0
18662,Venados FC Yucatán,,Mexico,0,1,1,0,1,1,0,1,1,0,0,0
15768,FC Zlin U19,,Czech Republic,0,2,2,0,3,3,0,2,2,0,0,0
12301,Club Atlético Aldosivi,,Argentina,0,2,2,0,2,2,0,2,2,0,0,0
49880,Virtus Volla,,Italy,1,0,1,1,0,1,1,0,1,0,0,0
7882,US Raon-l'Étape,,France,1,3,4,1,5,6,1,3,4,0,0,0
3193,Football Kingz FC,,New Zealand,0,3,3,0,3,3,0,3,3,0,0,0
2249,1.FC Gera 03,,Germany,1,0,1,1,0,1,1,0,1,0,0,0
3126,KRC Gent-Zeehav.,,Belgium,5,1,6,5,1,6,5,1,6,0,0,0
46181,Miami United FC,,United States,1,0,1,1,0,1,1,0,1,0,0,0
14774,AE Larisa U20,,Greece,2,0,2,2,0,2,2,0,2,0,0,0
5381,Al Khor Sports Club,,Qatar,5,2,7,5,2,7,5,2,7,0.250866,0,0.250866
45483,Kozan Belediyespor,,Turkey,1,1,2,1,1,2,1,1,2,0,0,0
4483,VST Völkermarkt,,Austria,0,1,1,0,1,1,0,1,1,0,0,0
4569,AC Firenze Rondinella,,Italy,1,1,2,1,1,2,1,1,2,0,0,0
38907,FK Kehla U19,,Azerbaijan,1,1,2,1,1,2,1,1,2,0,0,0
1296,SV Yesilyurt,,Germany,6,1,7,6,1,7,6,1,7,0,0,0
63736,Anagennisi Schimatariou,,Greece,1,0,1,1,0,1,1,0,1,0,0,0
42667,AO Zakynthiakos,,Greece,1,0,1,1,0,1,1,0,1,0,0,0
14301,Akademia Spartak Moscow,,Russia,0,1,1,0,1,1,0,1,1,0,0,0
6416,NC Foresta Suceava,,Romania,0,1,1,0,1,1,0,1,1,0,0,0
20072,MFK Topolcany,,Slovakia,0,1,1,0,1,1,0,1,1,0,0,0
4650,OFK Backa,,Serbia,1,2,3,1,2,3,1,2,3,0,0,0
46664,Cjarlins Muzane,,Italy,1,0,1,2,0,2,1,0,1,0,0,0
22200,ASD Imperia 1923,,Italy,0,1,1,0,1,1,0,1,1,0,0,0
8026,CF Os Marialvas,,Portugal,1,1,2,1,1,2,1,1,2,0,0,0
23764,72 Batmanspor,,Turkey,0,1,1,0,1,1,0,1,1,0,0,0
9258,Blackburn Rovers U21,,England,1,0,1,2,0,2,1,0,1,0,0,0
440,Hallescher FC,,Germany,4,3,7,4,3,7,4,3,7,0,0,0
1248,SC Idar-Oberstein,,Germany,1,0,1,1,0,1,1,0,1,0,0,0
22379,UFC Markt Allhau,,Austria,1,0,1,1,0,1,1,0,1,0,0,0
46703,SDYuShOR Zenit St. Petersburg,,Russia,0,1,1,0,1,1,0,1,1,0,0.000835,0.000835
14779,Asteras Tripolis U19,,Greece,0,1,1,0,1,1,0,1,1,0,0.002599,0.002599
15482,Al-Kuwait Sports Club,,Kuwait,3,1,4,3,1,4,3,1,4,0,0,0
7560,AKA St. Pölten U18,,Austria,0,4,4,0,4,4,0,4,4,0,0,0
6671,Olympia Volgograd,,Russia,1,1,2,1,2,3,1,1,2,0,0,0
4466,SPG Reichenau/Aldrans,,Austria,3,1,4,4,1,5,3,1,4,0,0,0
5866,Brönshöj Boldklub,,Denmark,0,1,1,0,1,1,0,1,1,0,0,0
2725,CD Ourense,,Spain,1,3,4,1,3,4,1,3,4,0,0.004804,0.004804
21769,Lokomotiva Skopje,,North Macedonia,1,0,1,1,0,1,1,0,1,0,0,0
1412,Budissa Bautzen,,Germany,2,0,2,2,0,2,2,0,2,0,0,0
3525,SO Cholet,,France,1,1,2,1,1,2,1,1,2,0,0.059259,0.059259
10673,ÉDS Montluçon,,France,2,0,2,2,0,2,2,0,2,0,0,0
4807,FC Shirak Gyumri,,Armenia,1,6,7,1,8,9,1,6,7,0,0,0
13805,Benidorm CD,,Spain,1,1,2,1,1,2,1,1,2,0,0,0
16786,Kjöbenhavns Boldklub (FCK II),,Denmark,0,2,2,0,2,2,0,2,2,0,0,0
42024,Nath Boys FC,,Nigeria,0,1,1,0,1,1,0,1,1,0,0.022005,0.022005
14918,Arezzo Berretti,,Italy,0,1,1,0,1,1,0,1,1,0,0,0
13554,Deportes Temuco,,Chile,1,0,1,1,0,1,1,0,1,0,0,0
21860,Leiknir Reykjavík,,Iceland,1,0,1,1,0,1,1,0,1,0,0,0
53568,Tavriya-Skif Rozdil,,Ukraine,1,0,1,1,0,1,1,0,1,0,0,0
28218,CA Independiente de La Chorrera,,Panama,0,1,1,0,1,1,0,1,1,0,0,0
12668,Thanda Royal Zulu FC,,South Africa,0,2,2,0,2,2,0,2,2,0,0.106383,0.106383
61825,FK Minaj,,Ukraine,1,0,1,1,0,1,1,0,1,0,0,0
7481,VV DOVO Veenendaal,,Netherlands,3,0,3,3,0,3,3,0,3,0,0,0
10437,SK Berlare,,Belgium,1,0,1,1,0,1,1,0,1,0,0,0
29070,NK Ormoz,,Slovenia,1,1,2,1,1,2,1,1,2,0,0,0
19101,AD Nueve de Octubre,,Ecuador,0,1,1,0,1,1,0,1,1,0,0,0
2583,NK Sloga Nova Gradiska,,Croatia,1,0,1,1,0,1,1,0,1,0,0,0
11466,RUFC Calais,,France,1,0,1,1,0,1,1,0,1,0,0,0
39850,California Golden Bears (UC Berkeley),,United States,0,1,1,0,1,1,0,1,1,0,0,0
3350,CF Canelas 2010,,Portugal,0,2,2,0,2,2,0,2,2,0,0,0
6953,KFC Wevelgem City,,Belgium,3,1,4,3,1,4,3,1,4,0,0,0
3278,Blauw Wit Beursbengels,,Netherlands,1,0,1,1,0,1,1,0,1,0,0,0
18519,ASK Ebreichsdorf,,Austria,1,1,2,1,2,3,1,1,2,0,0,0
13924,SK Kladno U19,,Czech Republic,0,1,1,0,1,1,0,1,1,0,0,0
12423,Kecskeméti TE,,Hungary,2,3,5,2,3,5,2,3,5,0,0.028613,0.028613
26641,Tytan Armyansk,,Ukraine,2,3,5,2,3,5,2,3,5,0,0,0
5509,KFC Wuustwezel,,Belgium,2,0,2,2,0,2,2,0,2,0,0,0
18231,Boyacá Patriotas FC,,Colombia,1,0,1,1,0,1,1,0,1,0,0,0
34913,Calcara Samoggia,,Italy,1,0,1,1,0,1,1,0,1,0,0,0
42793,APO Kanaris Neniton,,Greece,0,2,2,0,2,2,0,2,2,0,0,0
3218,Merzifonspor,,Turkey,0,1,1,0,1,1,0,1,1,0,0,0
5304,KSV Sottegem,,Belgium,0,1,1,0,1,1,0,1,1,0,0,0
7096,Corumbaense Futebol Clube (MS),,Brazil,1,0,1,1,0,1,1,0,1,0,0,0
44605,VV Chèvremont,,Netherlands,1,0,1,1,0,1,1,0,1,0,0,0
3822,Weymouth FC,,England,1,1,2,1,1,2,1,1,2,0,0,0
50275,KV Oostende B,,Belgium,0,1,1,0,1,1,0,1,1,0,0,0
11376,CF Braila,,Romania,0,1,1,0,1,1,0,1,1,0,0,0
23360,UF Maconnais,,France,1,0,1,1,0,1,1,0,1,0,0,0
15565,FC Paços de Ferreira U19,,Portugal,0,1,1,0,1,1,0,1,1,0,0,0
247,SV Meppen,,Germany,2,2,4,3,2,5,2,2,4,0,0,0
4170,Vigevano Calcio,,Italy,0,1,1,0,1,1,0,1,1,0,0,0
8751,FC Viktoria Pilsen U21,,Czech Republic,2,3,5,2,3,5,2,3,5,0,0.004762,0.004762
12566,Carmarthen Town AFC,,Wales,1,0,1,1,0,1,1,0,1,0,0,0
21671,Chkalovets-Olympic Novosibirsk,,Russia,1,0,1,1,0,1,1,0,1,0,0,0
9562,Petershill FC,,Scotland,0,1,1,0,1,1,0,1,1,0,0,0
3052,Sutton United,,England,0,1,1,0,2,2,0,1,1,0,0.003173,0.003173
22558,NK Croatia Zmijavci,,Croatia,1,2,3,1,2,3,1,2,3,0,0,0
40388,Neftochimik Burgas 1962,,Bulgaria,0,1,1,0,1,1,0,1,1,0,0,0
14682,Carabobo FC,,Venezuela,2,2,4,2,2,4,2,2,4,0,0.033333,0.033333
2318,Kusadasispor,,Turkey,1,0,1,1,0,1,1,0,1,0,0,0
4082,ASD La Biellese,,Italy,1,0,1,1,0,1,1,0,1,0,0,0
6799,Kano Pillars,,Nigeria,0,4,4,0,4,4,0,4,4,0,0,0
6168,Barrow AFC,,England,1,1,2,1,2,3,1,1,2,0,0,0
21241,APOEL Nikosia U21,,Cyprus,0,1,1,0,1,1,0,1,1,0,0.014815,0.014815
15265,St. Josephs Boys,,Ireland,0,1,1,0,1,1,0,1,1,0,0,0
51301,Ultimate Strikers Academy,,Nigeria,0,1,1,0,1,1,0,1,1,0,0.333333,0.333333
8935,USI Lupo-Martini Wolfsburg,,Germany,1,0,1,1,0,1,1,0,1,0,0,0
4329,SV Schmölln 1913,,Germany,1,0,1,1,0,1,1,0,1,0,0,0
14645,Germinal Beerschot Antwerpen U19,,Belgium,0,2,2,0,3,3,0,2,2,0,0,0
8433,Esporte Clube São Bento (SP),,Brazil,2,1,3,2,1,3,2,1,3,0,0,0
8983,SpVgg Neckarelz,,Germany,1,1,2,1,1,2,1,1,2,0,0.015957,0.015957
2688,Myllykosken Pallo -47,,Finland,0,5,5,0,6,6,0,5,5,0,0.191677,0.191677
27774,Cork City FC,,Ireland,2,1,3,2,1,3,2,1,3,0,0.031344,0.031344
2575,Clyde FC,,Scotland,1,3,4,1,3,4,1,3,4,0,0,0
41414,Navia CF,,Spain,1,0,1,1,0,1,1,0,1,0,0,0
4549,US Città di Jesolo,,Italy,0,2,2,0,2,2,0,2,2,0,0,0
4352,Daytona Beach Eagles,,United States,1,0,1,1,0,1,1,0,1,0,0,0
59409,Buildcon FC,,Zambia,1,1,2,1,1,2,1,1,2,0,0,0
22257,Orvietana Calcio,,Italy,1,0,1,1,0,1,1,0,1,0,0,0
4148,ASDC Borgomanero,,Italy,1,0,1,1,0,1,1,0,1,0,0,0
31565,PFK Oleksandria II,,Ukraine,1,0,1,1,0,1,1,0,1,0,0,0
9159,North East Stars,,Trinidad and Tobago,0,1,1,0,1,1,0,1,1,0,0,0
22179,Tochigi SC,,Japan,0,1,1,0,1,1,0,1,1,0,0,0
35452,Thesprotos Igoumenitsas,,Greece,1,1,2,1,1,2,1,1,2,0,0,0
39368,Pinerolo FC,,Italy,2,1,3,3,1,4,2,1,3,0,0,0
33536,FK Podolje,,Russia,0,1,1,0,1,1,0,1,1,0,0,0
7917,Malmö FF U19,,Sweden,0,1,1,0,1,1,0,1,1,0,0,0
15423,VB Sports Club,,Maldives,1,0,1,1,0,1,1,0,1,0,0,0
18314,SVVSMC,,Netherlands,0,1,1,0,1,1,0,1,1,0,0,0
928,Club Atlético Platense,,Argentina,0,3,3,0,3,3,0,3,3,0,0,0
3263,União Tomar,,Portugal,1,1,2,1,1,2,1,1,2,0,0,0
20333,Düzcespor,,Turkey,0,1,1,0,1,1,0,1,1,0,0,0
9603,SC Praiense,,Portugal,2,0,2,2,0,2,2,0,2,0,0,0
6552,FC Gleisdorf 09,,Austria,0,1,1,0,1,1,0,1,1,0,0.002249,0.002249
11992,Western Province United,,South Africa,1,2,3,1,4,5,1,2,3,0,0,0
34543,ACD Asti Calcio,,Italy,1,0,1,1,0,1,1,0,1,0,0,0
1185,FH Hafnarfjördur,,Iceland,3,0,3,3,0,3,3,0,3,0,0,0
30208,GD Gafanha,,Portugal,0,3,3,0,8,8,0,3,3,0,0,0
4250,Clube Atlético Metropolitano (SC),,Brazil,1,2,3,1,2,3,1,2,3,0,0.286132,0.286132
24332,SK Unicov,,Czech Republic,1,2,3,1,4,5,1,2,3,0,0,0
18273,FC Andorf,,Austria,0,1,1,0,1,1,0,1,1,0,0,0
14320,Brunei DPMM FC,,Singapore,2,0,2,2,0,2,2,0,2,0,0,0
6627,FC Sokol Usti nad Labem,,Czech Republic,0,1,1,0,1,1,0,1,1,0,0,0
2815,Flevo Boys Emmeloord,,Netherlands,2,0,2,2,0,2,2,0,2,0,0,0
7397,FC Amares,,Portugal,0,1,1,0,1,1,0,1,1,0,0,0
19831,USV Oed/Zeillern,,Austria,1,0,1,1,0,1,1,0,1,0,0,0
10883,Mladost Podgorica,,Montenegro,3,1,4,3,1,4,3,1,4,0,0,0
11367,US Alençon,,France,1,0,1,1,0,1,1,0,1,0,0,0
44884,AltoVicentino,,Italy,0,2,2,0,2,2,0,2,2,0,0,0
283,1.FC Sand,,Germany,1,0,1,1,0,1,1,0,1,0,0,0
3454,Kingstonian FC,,England,0,1,1,0,1,1,0,1,1,0,0,0
22318,Legionovia Legionowo,,Poland,1,2,3,1,2,3,1,2,3,0,0,0
15370,April 25 Sports Club,,"Korea, North",1,0,1,1,0,1,1,0,1,0,0,0
308,AA Internacional Limeira,,Brazil,1,2,3,1,2,3,1,2,3,0,0,0
16560,Club Nacional U19,,Uruguay,0,1,1,0,1,1,0,1,1,0,0,0
58696,ASD Ceriale,,Italy,1,0,1,1,0,1,1,0,1,0,0,0
2827,Hertha BSC U19,,Germany,0,4,4,0,5,5,0,4,4,0,0.159679,0.159679
27323,Coimbra Esporte Clube Ltda (MG),,Brazil,1,3,4,1,3,4,1,3,4,0,2.238931,2.238931
1414,Amora FC,,Portugal,2,3,5,3,3,6,2,3,5,0,0,0
817,Achilles Veen,,Netherlands,2,0,2,2,0,2,2,0,2,0,0,0
38512,VfL Theesen U19,,Germany,0,1,1,0,1,1,0,1,1,0,0,0
50405,Folgore Veregra,,Italy,1,0,1,1,0,1,1,0,1,0,0,0
8508,FC Sion U21,,Switzerland,1,1,2,1,1,2,1,1,2,0,0,0
9569,SC Balma,,France,1,0,1,1,0,1,1,0,1,0,0,0
8161,VV Baronie,,Netherlands,2,0,2,4,0,4,2,0,2,0,0,0
22046,Venturina Calcio,,Italy,1,1,2,1,1,2,1,1,2,0,0,0
43259,FC Großklein Jugend,,Austria,0,1,1,0,1,1,0,1,1,0,0,0
10855,Stade Raphaëlois,,France,1,0,1,1,0,1,1,0,1,0,0,0
50293,ASD DAK,,Italy,1,0,1,1,0,1,1,0,1,0,0,0
10628,Dyskobolia Grodzisk Wielkopolski II,,Poland,1,0,1,1,0,1,1,0,1,0,0,0
19858,Slovan Bratislava U19,,Slovakia,0,1,1,0,1,1,0,1,1,0,0,0
17479,Club Alianza Atletico Sullana,,Peru,0,1,1,0,1,1,0,1,1,0,0.046512,0.046512
17980,Hemel Hempstead Town,,England,1,0,1,1,0,1,1,0,1,0,0,0
14662,Club 12 de Octubre de Itaugua,,Paraguay,0,2,2,0,3,3,0,2,2,0,0,0
14092,Ethiopian Coffee Addis Abeba,,Ethiopia,0,1,1,0,1,1,0,1,1,0,0,0
46201,US Belvedere,,Italy,1,0,1,1,0,1,1,0,1,0,0,0
9283,FC Etzella Ettelbruck,,Luxembourg,2,0,2,2,0,2,2,0,2,0,0,0
51857,F.C. Otranto,,Italy,0,1,1,0,1,1,0,1,1,0,0,0
2387,NK Zagorje,,Slovenia,0,1,1,0,1,1,0,1,1,0,0,0
1986,KSZO Ostrowiec Swietokrzyski,,Poland,1,0,1,1,0,1,1,0,1,0,0,0
8008,NK Pag,,Croatia,1,0,1,1,0,1,1,0,1,0,0,0
64175,Dukla Jizni Mesto,,Czech Republic,2,0,2,2,0,2,2,0,2,0,0,0
8573,ASK Baumgarten,,Austria,2,4,6,4,4,8,2,4,6,0,0,0
19304,Delfín SC,,Ecuador,1,1,2,1,1,2,1,1,2,0,0,0
12652,SV TEC Tiel,,Netherlands,0,1,1,0,1,1,0,1,1,0,0,0
16640,Club Rápido de Bouzas,,Spain,0,1,1,0,1,1,0,1,1,0,0,0
34070,GD Velense,,Portugal,0,1,1,0,1,1,0,1,1,0,0,0
43556,Ceres-La Salle FC,,Philippines,1,0,1,1,0,1,1,0,1,0,0,0
6626,Panathinaikos Athens U20,,Greece,1,4,5,1,4,5,1,4,5,0,0,0
9219,Tala'ea El Gaish,,Egypt,0,1,1,0,1,1,0,1,1,0,0.024474,0.024474
52406,AE Mylopotamou,,Greece,1,0,1,1,0,1,1,0,1,0,0,0
13235,Mazarron CF,,Spain,1,0,1,1,0,1,1,0,1,0,0,0
4095,AC Trento,,Italy,1,2,3,1,2,3,1,2,3,0,0,0
47794,FC Maia Lidador,,Portugal,0,1,1,0,1,1,0,1,1,0,0,0
32480,NK Istra 1961 U19,,Croatia,0,1,1,0,1,1,0,1,1,0,0.002469,0.002469
4462,SV Schwechat,,Austria,1,1,2,1,1,2,1,1,2,0,0,0
20066,Batuque FC,,Cape Verde,0,1,1,0,1,1,0,1,1,0,0,0
9685,Genclerbirliyi Sumgayit,,Azerbaijan,1,0,1,1,0,1,1,0,1,0,0,0
11403,NK Podravac Virje,,Croatia,1,0,1,2,0,2,1,0,1,0,0,0
6465,FC Kyjov 1919,,Czech Republic,2,0,2,2,0,2,2,0,2,0,0,0
11621,UD Salamanca B,,Spain,1,0,1,1,0,1,1,0,1,0,0,0
22303,Potenza Youth,,Italy,0,1,1,0,1,1,0,1,1,0,0,0
28052,América Futebol Clube (MG) U20,,Brazil,0,1,1,0,1,1,0,1,1,0,0,0
2028,Wits University,,South Africa,0,1,1,0,1,1,0,1,1,0,0,0
1523,Brandenburger SC Süd,,Germany,1,0,1,1,0,1,1,0,1,0,0,0
27159,FC Titus Lamadelaine,,Luxembourg,0,1,1,0,1,1,0,1,1,0,0,0
10730,US Roye,,France,3,0,3,3,0,3,3,0,3,0,0,0
22034,US Civitanovese,,Italy,0,1,1,0,1,1,0,1,1,0,0,0
12443,Zelenograd Moskau,,Russia,1,0,1,1,0,1,1,0,1,0,0,0
35007,AFC Newbury,,England,0,1,1,0,1,1,0,1,1,0,0,0
29990,West Bromwich Albion U23,,England,0,1,1,0,1,1,0,1,1,0,0,0
16959,AD São Caetano (SP) B,,Brazil,1,0,1,1,0,1,1,0,1,0,0,0
15803,Cleveland City Stars,,United States,1,0,1,1,0,1,1,0,1,0,0,0
11125,Tekstilshchik Ivanovo,,Russia,2,3,5,3,5,8,2,3,5,0,0,0
27397,Egri FC,,Hungary,1,0,1,1,0,1,1,0,1,0,0,0
11204,Stade Reims B,,France,1,1,2,1,1,2,1,1,2,0,0,0
35545,FK Iskra Danilovgrad,,Montenegro,0,1,1,0,1,1,0,1,1,0,0,0
2998,Margate FC,,England,2,1,3,2,1,3,2,1,3,0,0,0
26803,US Carrarese Berretti,,Italy,0,1,1,0,1,1,0,1,1,0,0,0
4362,PFK Dobrudzha Dobrich,,Bulgaria,1,0,1,1,0,1,1,0,1,0,0,0
752,SpVgg Bayreuth,,Germany,0,1,1,0,1,1,0,1,1,0,0,0
18006,Deportivo Anzoátegui SC,,Venezuela,1,0,1,1,0,1,1,0,1,0,0,0
20456,Ayamonte CF,,Spain,0,1,1,0,1,1,0,1,1,0,0,0
16885,Harrisburg City Islanders,,United States,1,0,1,1,0,1,1,0,1,0,0,0
34433,DCV Krimpen aan den Ijssel,,Netherlands,1,0,1,1,0,1,1,0,1,0,0,0
2352,CD América de Cali,,Colombia,4,5,9,5,5,10,4,5,9,0,0.212766,0.212766
2232,SV Wallern,,Austria,4,1,5,4,1,5,4,1,5,0,0,0
20962,Sanat Naft FC,,Iran,1,1,2,1,1,2,1,1,2,0,0,0
18974,SK SIAD Bilina,,Czech Republic,0,1,1,0,1,1,0,1,1,0,0,0
18952,Chorrillo FC,,Panama,2,0,2,2,0,2,2,0,2,0,0,0
41013,Smena Moskau,,Russia,1,1,2,1,1,2,1,1,2,0,0,0
11065,FK Decic Tuzi,,Montenegro,1,2,3,1,2,3,1,2,3,0,0,0
6225,Jasper United,,Nigeria,1,0,1,1,0,1,1,0,1,0,0,0
27240,Morrinhos Futebol Clube (GO),,Brazil,0,1,1,0,1,1,0,1,1,0,0,0
1448,Poggese Calcio,,Italy,1,1,2,2,2,4,1,1,2,0,0,0
17004,Kwara United FC,,Nigeria,1,0,1,1,0,1,1,0,1,0,0,0
21484,FC Volgograd,,Russia,0,1,1,0,1,1,0,1,1,0,0,0
1978,FC Wohlen,,Switzerland,1,1,2,1,1,2,1,1,2,0,0,0
24026,Hapoel Bnei Lod,,Israel,1,0,1,1,0,1,1,0,1,0,0,0
18878,RKSV Schijndel,,Netherlands,1,0,1,1,0,1,1,0,1,0,0,0
40390,NK Rijeka Vitez,,Bosnia-Herzegovina,1,0,1,1,0,1,1,0,1,0,0,0
26461,Dynamo Khmelnytskyi,,Ukraine,0,2,2,0,2,2,0,2,2,0,0,0
8621,Sparta Rotterdam U21,,Netherlands,1,1,2,1,1,2,1,1,2,0,0,0
8089,Toronto Croatia,,Canada,0,2,2,0,2,2,0,2,2,0,0,0
54250,RJS Heppignies-Lambusart-Fleurus,,Belgium,2,0,2,2,0,2,2,0,2,0,0,0
27442,SD Galway Football Club,,Ireland,1,0,1,1,0,1,1,0,1,0,0,0
11263,AKA Red Bull Salzburg U18,,Austria,0,1,1,0,1,1,0,1,1,0,0,0
4152,AC Voghera,,Italy,0,1,1,0,1,1,0,1,1,0,0,0
10966,SV Flavia Solva,,Austria,1,1,2,1,1,2,1,1,2,0,0,0
13237,SD Lemona,,Spain,0,1,1,0,1,1,0,1,1,0,0.003449,0.003449
28078,Boca San Lazzaro,,Italy,1,0,1,1,0,1,1,0,1,0,0,0
15244,Ballymena United,,Northern Ireland,1,0,1,1,0,1,1,0,1,0,0,0
24574,Gretna FC 2008,,Scotland,1,0,1,1,0,1,1,0,1,0,0,0
22783,Nomme Kalju FC,,Estonia,3,2,5,3,2,5,3,2,5,0,0,0
14681,Brown de Adrogue,,Argentina,1,1,2,1,1,2,1,1,2,0,0,0
52499,Palliniakos,,Greece,0,1,1,0,1,1,0,1,1,0,0,0
14829,Brescia Primavera,,Italy,0,4,4,0,4,4,0,4,4,0,0.744975,0.744975
20948,NK Fruskogorac Ilok,,Croatia,1,0,1,1,0,1,1,0,1,0,0,0
30204,Annecy FC,,France,2,0,2,2,0,2,2,0,2,0,0,0
63993,Sabah FK,,Azerbaijan,0,1,1,0,1,1,0,1,1,0,0,0
939,SR Delémont,,Switzerland,0,2,2,0,2,2,0,2,2,0,0,0
21842,Aparecida Esporte Clube (GO),,Brazil,2,2,4,2,2,4,2,2,4,0,0.714286,0.714286
8964,TVMK Tallinn,,Estonia,0,1,1,0,1,1,0,1,1,0,0.068329,0.068329
49394,KAA Gent U17,,Belgium,0,1,1,0,1,1,0,1,1,0,0,0
8781,Deportivo Cuenca,,Ecuador,1,1,2,1,1,2,1,1,2,0,0,0
994,Hassia Bingen,,Germany,0,1,1,0,1,1,0,1,1,0,0,0
39001,MapelloBonate Calcio,,Italy,1,1,2,1,1,2,1,1,2,0,0,0
18579,Liberia Mía CF,,Costa Rica,1,1,2,1,1,2,1,1,2,0,0,0
17663,SC Schwaz,,Austria,1,1,2,1,1,2,1,1,2,0,0,0
1235,Germania Schöneiche,,Germany,0,1,1,0,1,1,0,1,1,0,0,0
9830,Jiul Petrosani,,Romania,0,1,1,0,1,1,0,1,1,0,0,0
59009,NK Osijek II,,Croatia,1,0,1,3,0,3,1,0,1,0,0,0
12417,FK Mozdok,,Russia,0,2,2,0,2,2,0,2,2,0,0,0
57072,Akrites Sykeon,,Greece,1,0,1,1,0,1,1,0,1,0,0,0
53167,TJ Malse Roudne,,Czech Republic,1,0,1,1,0,1,1,0,1,0,0,0
3296,Sertãozinho Futebol Clube (SP),,Brazil,0,3,3,0,3,3,0,3,3,0,0,0
47317,AD Valdinievole Montecatini,,Italy,1,1,2,1,1,2,1,1,2,0,0,0
43078,FK Mikulovice,,Czech Republic,2,0,2,2,0,2,2,0,2,0,0,0
26985,ASK Bravo,,Slovenia,1,0,1,1,0,1,1,0,1,0,0,0
356,TSF Ditzingen,,Germany,1,0,1,1,0,1,1,0,1,0,0,0
10503,Deportes Tolima,,Colombia,2,3,5,2,4,6,2,3,5,0,0.144737,0.144737
30066,FC Legnago Salus,,Italy,1,1,2,1,1,2,1,1,2,0,0,0
9611,Norrby IF,,Sweden,1,1,2,1,1,2,1,1,2,0,0,0
54189,RWD Molenbeek (2015),,Belgium,2,1,3,2,1,3,2,1,3,0,0,0
3903,IF Limhamn Bunkeflo,,Sweden,0,1,1,0,1,1,0,1,1,0,0,0
51337,Georgia United,,United States,0,1,1,0,1,1,0,1,1,0,0,0
4697,Kawkab Marrakech,,Morocco,0,2,2,0,2,2,0,2,2,0,0,0
11986,UD Almería B,,Spain,1,1,2,1,1,2,1,1,2,0,0,0
3201,VV IVS Berg aan de Maas,,Netherlands,1,0,1,1,0,1,1,0,1,0,0,0
14767,NK Kraljevcan 38 Donji Kraljevec,,Croatia,1,0,1,1,0,1,1,0,1,0,0,0
37028,FC Cournon-d'Auvergne,,France,0,1,1,0,1,1,0,1,1,0,0,0
12666,Atlético Madrid C,,Spain,1,1,2,1,1,2,1,1,2,0,0,0
65726,NK Lipovac,,Croatia,1,0,1,1,0,1,1,0,1,0,0,0
29148,Tianjin Teda Reserves,,China,1,1,2,1,1,2,1,1,2,0,0,0
19242,Niki Volou U19,,Greece,1,1,2,1,1,2,1,1,2,0,0,0
23106,Warri Wolves FC,,Nigeria,0,2,2,0,2,2,0,2,2,0,0,0
19806,Club Atlético Patronato,,Argentina,2,1,3,2,1,3,2,1,3,0,0,0
40253,MASV Arnheim,,Netherlands,1,0,1,1,0,1,1,0,1,0,0,0
34396,VV Hoogeveen,,Netherlands,1,0,1,1,0,1,1,0,1,0,0,0
6335,Valletta FC,,Malta,2,1,3,2,1,3,2,1,3,0,0,0
37239,Dunarea Calarasi,,Romania,2,1,3,2,1,3,2,1,3,0,0,0
24868,CA Batna,,Algeria,1,0,1,1,0,1,1,0,1,0,0,0
62586,Mekelle Kenema FC,,Ethiopia,1,0,1,1,0,1,1,0,1,0,0,0
10794,SHO Oud Beijerland,,Netherlands,1,0,1,1,0,1,1,0,1,0,0,0
33001,VV Nieuwenhoorn,,Netherlands,1,1,2,1,1,2,1,1,2,0,0,0
5565,AC Tripoli,,Lebanon,0,2,2,0,2,2,0,2,2,0,0,0
14546,Club Social Deportivo y Cultural Español,,Argentina,0,1,1,0,1,1,0,1,1,0,0,0
7394,Be Quick '28,,Netherlands,1,0,1,1,0,1,1,0,1,0,0,0
49143,KVV Thes Sport,,Belgium,1,0,1,1,0,1,1,0,1,0,0,0
25216,Esporte Clube Mamoré (MG),,Brazil,0,1,1,0,1,1,0,1,1,0,0,0
17301,CD Ferriolense,,Spain,1,0,1,1,0,1,1,0,1,0,0,0
17442,US Fleury Mérogis Football 91,,France,1,0,1,1,0,1,1,0,1,0,0,0
2730,Sport Boys Callao,,Peru,2,1,3,2,1,3,2,1,3,0,0,0
9684,Érsekcsanádi KSKE,,Hungary,1,0,1,1,0,1,1,0,1,0,0,0
13244,Utebo FC,,Spain,0,1,1,0,1,1,0,1,1,0,0,0
17299,Atlético Clube Paranavaí (PR),,Brazil,1,1,2,1,1,2,1,1,2,0,0,0
7136,Envigado FC,,Colombia,1,3,4,1,4,5,1,3,4,0,0.483379,0.483379
26618,AERA Afantou,,Greece,0,1,1,0,1,1,0,1,1,0,0,0
46297,ASD Villabiagio,,Italy,0,1,1,0,1,1,0,1,1,0,0,0
30945,MC El Eulma,,Algeria,0,1,1,0,1,1,0,1,1,0,0,0
15024,Hacettepespor II,,Turkey,0,1,1,0,1,1,0,1,1,0,0,0
3164,RRC Estaimpuis,,Belgium,1,0,1,1,0,1,1,0,1,0,0,0
59760,FC Horky nad Jizerou,,Czech Republic,1,0,1,1,0,1,1,0,1,0,0,0
19169,Internapoli Camaldoli,,Italy,1,1,2,1,1,2,1,1,2,0,0,0
29808,Tilykratis Lefkadas,,Greece,2,2,4,2,2,4,2,2,4,0,0,0
45269,Erokspor,,Turkey,1,1,2,1,1,2,1,1,2,0,0,0
11537,FC Suduroy,,Faroe Island,1,1,2,1,1,2,1,1,2,0,0,0
18773,Karsspor,,Turkey,1,3,4,1,3,4,1,3,4,0,0,0
1753,Campinense Clube (PB),,Brazil,1,2,3,1,4,5,1,2,3,0,0,0
11738,J.Malucelli Futebol,,Brazil,0,3,3,0,6,6,0,3,3,0,0.102559,0.102559
21292,MSC Meppel,,Netherlands,1,0,1,1,0,1,1,0,1,0,0,0
44699,NK Istra 1961 II,,Croatia,0,1,1,0,1,1,0,1,1,0,0,0
26587,Ohod Al-Medina,,Saudi Arabia,2,0,2,2,0,2,2,0,2,0,0,0
11380,Gloria Buzau,,Romania,0,3,3,0,4,4,0,3,3,0,0,0
1890,FK Tabor,,Czech Republic,2,1,3,3,1,4,2,1,3,0,0,0
21412,NK Brda,,Slovenia,1,0,1,1,0,1,1,0,1,0,0,0
15651,KAS Eupen Reserve,,Belgium,0,1,1,0,1,1,0,1,1,0,0,0
18980,FK Nestemice,,Czech Republic,1,0,1,1,0,1,1,0,1,0,0,0
14953,SC Cambuur-Leeuwarden U19,,Netherlands,0,1,1,0,1,1,0,1,1,0,0,0
3020,Alloa Athletic FC,,Scotland,0,1,1,0,1,1,0,1,1,0,0,0
23581,V-Varen Nagasaki,,Japan,1,0,1,1,0,1,1,0,1,0,0,0
15947,Dinamo Bukarest II,,Romania,0,2,2,0,2,2,0,2,2,0,0,0
19278,Gwarek Zabrze U19,,Poland,0,1,1,0,1,1,0,1,1,0,0.012987,0.012987
56398,FK Litomericko,,Czech Republic,1,2,3,1,2,3,1,2,3,0,0,0
24830,ASKÖ Oedt,,Austria,2,0,2,2,0,2,2,0,2,0,0,0
38993,SSD Argentina Arma,,Italy,1,0,1,1,0,1,1,0,1,0,0,0
16656,Clube Atlético Paranaense B,,Brazil,1,1,2,1,1,2,1,1,2,0,0,0
39432,VV SteDoCo,,Netherlands,1,0,1,1,0,1,1,0,1,0,0,0
41101,Juventus U23,,Italy,1,0,1,1,0,1,1,0,1,0.062963,0,0.062963
280,VfL Kirchheim,,Germany,0,1,1,0,1,1,0,1,1,0,0,0
26955,USD Olginatese,,Italy,1,2,3,1,2,3,1,2,3,0,0,0
65875,Avangard Lazarevskoe,,Russia,1,0,1,1,0,1,1,0,1,0,0,0
3024,East Fife FC,,Scotland,0,1,1,0,1,1,0,1,1,0,0.033333,0.033333
35165,Club Real Santa Cruz,,Bolivia,1,0,1,1,0,1,1,0,1,0,0,0
32502,Naft Tehran,,Iran,1,1,2,1,1,2,1,1,2,0,0,0
19001,FK Mohelnice,,Czech Republic,0,2,2,0,2,2,0,2,2,0,0,0
42214,Alta de Lisboa,,Portugal,0,1,1,0,1,1,0,1,1,0,0,0
1057,Bryne FK,,Norway,1,1,2,1,1,2,1,1,2,0,0.148274,0.148274
26558,FC Zugdidi,,Georgia,1,0,1,1,0,1,1,0,1,0,0,0
37951,Corum Belediyespor,,Turkey,2,1,3,2,1,3,2,1,3,0,0,0
3875,KFC Vilvoorde,,Belgium,0,1,1,0,1,1,0,1,1,0,0,0
9885,1. Simmeringer SC,,Austria,1,1,2,1,1,2,1,1,2,0,0,0
11252,FK Zeljeznicar Sarajevo U19,,Bosnia-Herzegovina,0,2,2,0,2,2,0,2,2,0,0,0
12819,Napoli Primavera,,Italy,0,1,1,0,1,1,0,1,1,0,0,0
50531,Al-Feiha FC,,Saudi Arabia,1,0,1,1,0,1,1,0,1,0.022523,0,0.022523
14925,Vicenza Primavera,,Italy,0,1,1,0,1,1,0,1,1,0,0,0
42870,Riostrense Esporte Clube,,Brazil,1,0,1,1,0,1,1,0,1,0,0,0
18978,Radotinsky SK,,Czech Republic,1,0,1,1,0,1,1,0,1,0,0,0
6108,Hetman Zamosc,,Poland,0,2,2,0,2,2,0,2,2,0,0,0
56741,United Victory FC,,Maldives,1,1,2,1,1,2,1,1,2,0,0,0
6495,Atlético Bucaramanga,,Colombia,0,1,1,0,1,1,0,1,1,0,0,0
8280,Msida St. Joseph FC,,Malta,2,2,4,2,2,4,2,2,4,0,0,0
44753,FK Domodedovo,,Russia,1,0,1,1,0,1,1,0,1,0,0,0
10117,Grêmio Esportivo Juventus (SC),,Brazil,0,3,3,0,4,4,0,3,3,0,0,0
29838,NK Rudar 47 Ladanje Donje,,Croatia,1,0,1,1,0,1,1,0,1,0,0,0
12567,CD Eldense,,Spain,1,1,2,1,1,2,1,1,2,0,0,0
53700,GNS-Spartak Krasnodar,,Russia,1,0,1,1,0,1,1,0,1,0,0,0
50789,Toroslar Belediyespor,,Turkey,1,0,1,1,0,1,1,0,1,0,0,0
10997,Clube do Remo (PA),,Brazil,1,1,2,1,1,2,1,1,2,0,0,0
14340,SK Slavia Prag U19,,Czech Republic,0,2,2,0,3,3,0,2,2,0,0.006797,0.006797
11753,Spartak Nalchik II,,Russia,0,1,1,0,1,1,0,1,1,0,0,0
25342,San Nicolò Calcio Teramo,,Italy,0,1,1,0,2,2,0,1,1,0,0,0
8492,Empoli Primavera,,Italy,0,3,3,0,3,3,0,3,3,0,0.595623,0.595623
9937,FK Donji Srem Pecinci,,Serbia,1,1,2,1,2,3,1,1,2,0,0,0
4287,Longford Town FC,,Ireland,1,1,2,1,1,2,1,1,2,0,0,0
20518,US Chantilly,,France,0,1,1,0,1,1,0,1,1,0,0,0
5594,Portadown FC,,Northern Ireland,3,0,3,3,0,3,3,0,3,0,0,0
42227,FC Eendracht Hekelgem,,Belgium,0,1,1,0,1,1,0,1,1,0,0,0
23829,Sociedade Esportiva Matonense,,Brazil,0,1,1,0,1,1,0,1,1,0,0,0
14668,Atlético Uruguay,,Argentina,0,1,1,0,1,1,0,1,1,0,0,0
26911,AFAD Djékanou,,Cote d'Ivoire,0,1,1,0,1,1,0,1,1,0,0,0
23668,Fiskaya Genclikspor,,Turkey,0,1,1,0,2,2,0,1,1,0,0,0
5515,Solbiatese Arno Calcio,,Italy,1,0,1,1,0,1,1,0,1,0,0,0
49408,RRC Wetteren-Kwatrecht,,Belgium,3,0,3,3,0,3,3,0,3,0,0,0
12479,Polonia-Stal Swidnica,,Poland,0,1,1,0,1,1,0,1,1,0,0,0
22790,Guarany Sporting Club (CE),,Brazil,1,0,1,1,0,1,1,0,1,0,0,0
33621,Nea Kallikratia,,Greece,1,0,1,1,0,1,1,0,1,0,0,0
4079,Vauxhall Motors FC,,England,0,1,1,0,1,1,0,1,1,0,0,0
1549,Julius Berger Lagos,,Nigeria,2,3,5,2,3,5,2,3,5,0,0,0
15288,Home Farm,,Ireland,0,1,1,0,1,1,0,1,1,0,0,0
20789,RFC Lüttich U19,,Belgium,0,1,1,0,1,1,0,1,1,0,0,0
3015,Annan Athletic FC,,Scotland,1,1,2,1,3,4,1,1,2,0,0.001245,0.001245
1102,Vaasan Palloseura,,Finland,1,2,3,1,2,3,1,2,3,0,0.016752,0.016752
38445,CF Mounana,,Gabon,2,2,4,2,2,4,2,2,4,0,0,0
10447,Clube Atlético Guaçuano (SP),,Brazil,1,0,1,1,0,1,1,0,1,0,0,0
30929,Paradou AC,,Algeria,2,3,5,2,3,5,2,3,5,0,0.231217,0.231217
4694,FC Utrecht U19,,Netherlands,0,1,1,0,1,1,0,1,1,0,0,0
20329,Sporting Almere,,Netherlands,1,0,1,1,0,1,1,0,1,0,0,0
5196,Falkenbergs FF,,Sweden,1,2,3,1,2,3,1,2,3,0,0.27389,0.27389
19780,FK Dunav Ruse,,Bulgaria,1,1,2,1,1,2,1,1,2,0,0,0
12331,Sporting de Gijón B,,Spain,2,1,3,2,2,4,2,1,3,0,0,0
23226,Leamington FC,,England,0,1,1,0,1,1,0,1,1,0,0,0
3189,Ilves Tampere,,Finland,1,0,1,1,0,1,1,0,1,0,0,0
13749,SK Hranice,,Czech Republic,0,1,1,0,2,2,0,1,1,0,0,0
29209,Igloopol Debica,,Poland,1,0,1,1,0,1,1,0,1,0,0,0
99,FC Sachsen Leipzig,,Germany,1,2,3,1,2,3,1,2,3,0.004386,0,0.004386
11432,Whittlesea Zebras,,Australia,1,0,1,1,0,1,1,0,1,0,0,0
37690,FK Dobrovice,,Czech Republic,2,0,2,2,0,2,2,0,2,0,0,0
19799,FC Sursee,,Switzerland,1,0,1,1,0,1,1,0,1,0,0,0
37718,CS Duguwolofila,,Mali,0,1,1,0,1,1,0,1,1,0,0,0
28396,Miramar Misiones U20,,Uruguay,0,1,1,0,1,1,0,1,1,0,0,0
19689,US Rumelange,,Luxembourg,1,0,1,1,0,1,1,0,1,0,0,0
27052,GSD Lascaris,,Italy,1,0,1,1,0,1,1,0,1,0,0,0
14601,ASK-BSC Bruck/Leitha,,Austria,1,0,1,1,0,1,1,0,1,0,0,0
1131,Gansu Tianma,,China,1,0,1,1,0,1,1,0,1,0,0,0
37965,Manavgat Evrenseki Spor,,Turkey,1,2,3,1,4,5,1,2,3,0,0,0
44277,Erzin Belediyespor,,Turkey,0,2,2,0,2,2,0,2,2,0,0,0
6326,Paris Saint-Germain U19,,France,0,2,2,0,2,2,0,2,2,0,0,0
7875,LOSC Lille U19,,France,0,2,2,0,2,2,0,2,2,0,0.341863,0.341863
21836,VV Nieuwerkerk,,Netherlands,1,1,2,1,1,2,1,1,2,0,0,0
10324,UFC Purbach,,Austria,1,0,1,1,0,1,1,0,1,0,0,0
12466,Orhangazispor,,Turkey,2,2,4,2,2,4,2,2,4,0,0,0
35411,AO Kassiopi,,Greece,1,0,1,2,0,2,1,0,1,0,0,0
47525,Zenit Moskau,,Russia,1,0,1,1,0,1,1,0,1,0,0,0
26938,Agremiação Esportiva Canedense (GO),,Brazil,1,0,1,1,0,1,1,0,1,0,0,0
11247,Academia Deportiva Cantolao,,Peru,0,1,1,0,1,1,0,1,1,0,0,0
27755,Cascavel Clube Recreativo (PR),,Brazil,0,1,1,0,1,1,0,1,1,0,0,0
18987,LAFC Lucenec,,Slovakia,1,2,3,1,2,3,1,2,3,0,0,0
37947,Bergama Belediyespor,,Turkey,0,1,1,0,2,2,0,1,1,0,0,0
11854,Junior FC,,Colombia,4,6,10,4,6,10,4,6,10,0.082187,1.271068,1.353255
6932,Charlton Athletic U18,,England,0,1,1,0,1,1,0,1,1,0,0,0
27238,FK Slutsk,,Belarus,5,3,8,5,3,8,5,3,8,0,0,0
64613,SK Cernolice,,Czech Republic,2,0,2,2,0,2,2,0,2,0,0,0
38673,Paris FC B,,France,2,0,2,2,0,2,2,0,2,0,0,0
31803,Keciören Belediyespor,,Turkey,1,0,1,1,0,1,1,0,1,0,0,0
15882,Associação Ferroviária de Esportes (SP),,Brazil,5,3,8,5,3,8,5,3,8,0,0,0
48933,USD Scanzorosciate,,Italy,1,0,1,1,0,1,1,0,1,0,0,0
5652,AS Choisy-le-Roi,,France,1,0,1,1,0,1,1,0,1,0,0,0
16618,Yunit Samara,,Russia,2,0,2,2,0,2,2,0,2,0,0,0
32812,Barretos Esporte Clube (SP),,Brazil,0,1,1,0,1,1,0,1,1,0,0,0
14391,Canuelas Futbol Club,,Argentina,0,1,1,0,1,1,0,1,1,0,0,0
22782,Nacional Futebol Clube (AM),,Brazil,1,1,2,1,1,2,1,1,2,0,0,0
50658,Sukhothai FC,,Thailand,0,1,1,0,1,1,0,1,1,0,0,0
1001,SC Borussia Freialdenhoven,,Germany,1,0,1,1,0,1,1,0,1,0,0,0
7321,CD Estarreja,,Portugal,0,1,1,0,1,1,0,1,1,0,0,0
34791,KSC City Pirates,,Belgium,1,0,1,1,0,1,1,0,1,0,0,0
18934,Inter Star Bujumbura,,Burundi,0,1,1,0,1,1,0,1,1,0,0.004692,0.004692
25814,GD Beira-Mar Algarve,,Portugal,1,0,1,1,0,1,1,0,1,0,0,0
11419,APIA Leichhardt Tigers,,Australia,1,0,1,1,0,1,1,0,1,0,0,0
2016,BSC Old Boys,,Switzerland,1,0,1,1,0,1,1,0,1,0,0,0
39003,Dacia-2 Buiucani,,Moldova,0,1,1,0,1,1,0,1,1,0,0,0
36757,FC Velke Mezirici,,Czech Republic,0,1,1,0,1,1,0,1,1,0,0,0
10603,Floriana FC,,Malta,1,1,2,1,2,3,1,1,2,0,0,0
29959,AO Chania U20,,Greece,0,1,1,0,1,1,0,1,1,0,0,0
6883,FSV Oppach,,Germany,1,0,1,1,0,1,1,0,1,0,0,0
15481,Al-Arabi Sporting Club,,Kuwait,2,1,3,2,1,3,2,1,3,0,0,0
3231,Berkenbos VV Heusden,,Belgium,1,2,3,1,2,3,1,2,3,0,0,0
43188,FC Viitorul Mihai Georgescu,,Romania,0,1,1,0,1,1,0,1,1,0,0,0
20129,SV St. Marein/Lorenzen,,Austria,0,1,1,0,1,1,0,1,1,0,0,0
24463,Atlético Nacional U20,,Colombia,0,1,1,0,1,1,0,1,1,0,0,0
8851,MC Oran,,Algeria,0,2,2,0,2,2,0,2,2,0,0.078947,0.078947
63857,Apollon Chalandriou,,Greece,1,0,1,1,0,1,1,0,1,0,0,0
42980,Ethnikos Pyleas,,Greece,0,1,1,0,1,1,0,1,1,0,0,0
3613,Chester City (diss.),,England,3,5,8,3,8,11,3,5,8,0,0,0
5208,Club Atlético Los Andes,,Argentina,0,3,3,0,3,3,0,3,3,0,0.25,0.25
56089,Minnesota United FC,,United States,1,0,1,1,0,1,1,0,1,0,0,0
20149,Dustlik Tashkent,,Uzbekistan,0,1,1,0,1,1,0,1,1,0,0,0
21146,UD Fuengirola,,Spain,1,0,1,1,0,1,1,0,1,0,0,0
14969,Spartak-Kavkaztransgaz Izobilny,,Russia,1,0,1,1,0,1,1,0,1,0,0,0
16866,SC Genemuiden,,Netherlands,1,0,1,2,0,2,1,0,1,0,0,0
27943,Juventus de Sainte-Anne,,Guadeloupe,1,0,1,1,0,1,1,0,1,0,0,0
56084,Billings Yellowjackets Athletics,,United States,1,0,1,1,0,1,1,0,1,0,0,0
5286,US Robert,,Martinique,0,1,1,0,1,1,0,1,1,0,0,0
27340,Acqui US 1911,,Italy,1,0,1,1,0,1,1,0,1,0,0,0
21855,Fjölnir Reykjavík,,Iceland,1,1,2,1,1,2,1,1,2,0,0,0
227,Brown Bears (Brown University),,United States,1,1,2,1,1,2,1,1,2,0,0,0
15115,Club Estudiantes de La Plata U20,,Argentina,0,1,1,0,1,1,0,1,1,0,0,0
8430,Al-Hilal Omdurman,,Sudan,0,1,1,0,1,1,0,1,1,0,0,0
35546,Valeriodoce Esporte Clube (MG),,Brazil,1,0,1,1,0,1,1,0,1,0,0,0
11472,FC Tulln,,Austria,1,0,1,1,0,1,1,0,1,0,0,0
4862,Club Jorge Wilstermann,,Bolivia,2,1,3,2,1,3,2,1,3,0,0,0
13365,CR Belouizdad,,Algeria,0,2,2,0,2,2,0,2,2,0,0.029703,0.029703
20632,FC VSS Kosice B,,Slovakia,0,1,1,0,1,1,0,1,1,0,0,0
20377,Pelita Jaya,,Indonesia,1,0,1,1,0,1,1,0,1,0,0,0
19075,SK Slavia Vejprnice,,Czech Republic,0,1,1,0,1,1,0,1,1,0,0,0
45837,Atletico Uri,,Italy,1,0,1,1,0,1,1,0,1,0,0,0
14723,CD Ñublense,,Chile,1,1,2,1,1,2,1,1,2,0,0,0
64210,TJ Tatran Bohunice,,Czech Republic,1,0,1,1,0,1,1,0,1,0,0,0
10707,US Tor di Quinto,,Italy,0,1,1,0,1,1,0,1,1,0,0,0
47028,FC Windsor,,England,1,0,1,1,0,1,1,0,1,0,0,0
4406,FC OMV Stadlau,,Austria,1,0,1,1,0,1,1,0,1,0,0,0
13447,Etisalat,,Egypt,1,0,1,1,0,1,1,0,1,0,0,0
12424,FC Le Mont LS,,Switzerland,2,0,2,3,0,3,2,0,2,0,0,0
3529,Tonnerre Yaoundé,,Cameroon,1,1,2,1,1,2,1,1,2,0,0,0
46971,TJ Iskra Borcice,,Slovakia,1,0,1,1,0,1,1,0,1,0,0,0
24903,Guarany Bagé Futebol Clube,,Brazil,1,0,1,1,0,1,1,0,1,0,0,0
49734,FC Jumilla,,Spain,1,2,3,1,3,4,1,2,3,0,0,0
2731,Coronel Bolognesi,,Peru,1,0,1,1,0,1,1,0,1,0,0,0
17390,La Paz FC,,Bolivia,0,1,1,0,1,1,0,1,1,0,0,0
6761,Navy FC,,Thailand,0,1,1,0,1,1,0,1,1,0,0,0
8384,Real Zaragoza B,,Spain,1,2,3,1,2,3,1,2,3,0,0,0
10644,University of Nigeria,,Nigeria,1,0,1,1,0,1,1,0,1,0,0,0
30739,Dainava Alytus,,Lithuania,1,1,2,1,1,2,1,1,2,0,0,0
2148,FC Gossau,,Switzerland,1,1,2,1,1,2,1,1,2,0,0,0
7654,SC Lourel,,Portugal,1,0,1,1,0,1,1,0,1,0,0,0
8837,Araks Ararat,,Armenia,0,2,2,0,2,2,0,2,2,0,0,0
19926,CD Lealtad,,Spain,1,1,2,1,1,2,1,1,2,0,0,0
58006,Barcelona EC (RJ),,Brazil,0,1,1,0,1,1,0,1,1,0,0,0
36029,Sime Darby FC,,Malaysia,1,0,1,1,0,1,1,0,1,0,0,0
1462,FC Bayern Munich U19,,Germany,0,5,5,0,5,5,0,5,5,0,0.012237,0.012237
18818,FC Chabab,,Netherlands,1,0,1,1,0,1,1,0,1,0,0,0
56080,29 de Setiembre F.B.C,,Paraguay,1,0,1,1,0,1,1,0,1,0,0,0
2235,FC Kufstein,,Austria,2,0,2,4,0,4,2,0,2,0,0,0
954,SSVg Velbert 02,,Germany,1,0,1,1,0,1,1,0,1,0,0,0
15035,Botafogo Rio de Janeiro U17,,Brazil,0,1,1,0,1,1,0,1,1,0,0,0
2681,FC Wegberg-Beeck,,Germany,0,2,2,0,2,2,0,2,2,0,0,0
29349,Genoa CFC Youth,,Italy,0,1,1,0,1,1,0,1,1,0,0,0
58409,Slavia Lounovice,,Czech Republic,0,1,1,0,1,1,0,1,1,0,0,0
18973,SK Motorlet Prag,,Czech Republic,1,1,2,1,1,2,1,1,2,0,0,0
59106,AE Lefkimmis,,Greece,2,0,2,2,0,2,2,0,2,0,0,0
27092,Port FC,,Thailand,2,0,2,2,0,2,2,0,2,0,0,0
40373,FC Viktoria 1889 Berlin,,Germany,1,0,1,1,0,1,1,0,1,0,0,0
14970,SV Bad Goisern,,Austria,1,0,1,1,0,1,1,0,1,0,0,0
18955,Cechie Velka Dobra,,Czech Republic,1,0,1,1,0,1,1,0,1,0,0,0
31958,Sociedade Esportiva Itapirense (SP),,Brazil,1,1,2,1,1,2,1,1,2,0,0,0
44833,Gaziantepspor Youth,,Turkey,0,1,1,0,1,1,0,1,1,0,0,0
22859,Gateway FC Abeokuta,,Nigeria,1,1,2,1,1,2,1,1,2,0,0,0
11310,Slough Town,,England,1,1,2,1,1,2,1,1,2,0,0,0
37288,Achilleas Neokesarias,,Greece,1,1,2,1,1,2,1,1,2,0,0,0
26026,First Bank FC,,Nigeria,0,1,1,0,1,1,0,1,1,0,0,0
24203,FK Sardice,,Czech Republic,2,0,2,2,0,2,2,0,2,0,0,0
23052,ASD Sarzanese Calcio,,Italy,0,2,2,0,3,3,0,2,2,0,0,0
3743,FFA Centre of Excellence,,Australia,0,2,2,0,2,2,0,2,2,0,0.011395,0.011395
12379,Clube Ferroviário de Maputo,,Mozambique,0,1,1,0,1,1,0,1,1,0,0.012696,0.012696
24518,UD Serra,,Portugal,0,1,1,0,1,1,0,1,1,0,0,0
22703,VV De Meern,,Netherlands,1,1,2,1,1,2,1,1,2,0,0,0
23368,FC Kuressaare,,Estonia,0,1,1,0,1,1,0,1,1,0,0,0
8832,Ekibastuzets Ekibastuz,,Kazakhstan,1,1,2,1,1,2,1,1,2,0,0,0
7315,FC KTP,,Finland,1,0,1,1,0,1,1,0,1,0,0,0
9509,Vitória Setúbal FC B,,Portugal,2,0,2,2,0,2,2,0,2,0,0,0
12131,FC Politehnica Chisinau,,Moldova,1,0,1,1,0,1,1,0,1,0,0,0
2120,KSA Yaoundé,,Cameroon,0,1,1,0,1,1,0,1,1,0,0,0
9068,Dallas Texans,,United States,0,2,2,0,2,2,0,2,2,0,0.069767,0.069767
535,Sileks Kratovo,,North Macedonia,0,4,4,0,5,5,0,4,4,0,0,0
17206,NK Valpovka Valpovo,,Croatia,0,1,1,0,1,1,0,1,1,0,0,0
18673,HVV Hollandia,,Netherlands,2,1,3,2,1,3,2,1,3,0,0,0
18915,Kyung Hee University,,"Korea, South",0,1,1,0,1,1,0,1,1,0,0,0
12413,Dinamo Voronezh,,Russia,2,0,2,2,0,2,2,0,2,0,0,0
3198,RRFC Montegnée,,Belgium,1,1,2,1,1,2,1,1,2,0,0,0
7052,CF Villanovense,,Spain,0,1,1,0,1,1,0,1,1,0,0,0
23386,FK Mesto Albrechtice,,Czech Republic,0,1,1,0,1,1,0,1,1,0,0,0
11266,Boavista Sport Club (RJ),,Brazil,2,0,2,2,0,2,2,0,2,0,0,0
12672,Club Almirante Brown,,Argentina,0,2,2,0,2,2,0,2,2,0,0.015697,0.015697
2474,SC Eisenstadt,,Austria,1,1,2,1,1,2,1,1,2,0,0,0
34001,NK Stinjan,,Croatia,1,0,1,1,0,1,1,0,1,0,0,0
44306,Olympiakos Chalkidas,,Greece,1,0,1,1,0,1,1,0,1,0,0,0
37099,FC Espanol Karlsruhe,,Germany,1,0,1,1,0,1,1,0,1,0,0,0
25010,VC Herentals,,Belgium,1,0,1,1,0,1,1,0,1,0,0,0
17787,CF Gimnástico Alcázar,,Spain,1,0,1,1,0,1,1,0,1,0,0,0
6129,Victoria United,,Cameroon,0,1,1,0,2,2,0,1,1,0,0,0
5624,AC Chioggia Sottomarina,,Italy,0,1,1,0,1,1,0,1,1,0,0,0
15925,Uberaba Sport Club (MG),,Brazil,0,2,2,0,2,2,0,2,2,0,0,0
44664,Pyramids FC,,Egypt,2,0,2,2,0,2,2,0,2,0.592593,0,0.592593
14694,Como Berretti,,Italy,0,1,1,0,2,2,0,1,1,0,0,0
9239,Ruch Radzionkow,,Poland,1,0,1,1,0,1,1,0,1,0,0,0
31999,UFC Obritz,,Austria,1,0,1,1,0,1,1,0,1,0,0,0
2303,Mpumalanga Black Aces FC,,South Africa,5,1,6,5,1,6,5,1,6,0,0.027027,0.027027
50815,Diyarbakir Yolspor,,Turkey,1,0,1,1,0,1,1,0,1,0,0,0
26313,TS Ober-Roden,,Germany,1,0,1,1,0,1,1,0,1,0,0,0
27785,Itaperuna Esporte Clube (RJ),,Brazil,1,0,1,1,0,1,1,0,1,0,0,0
45575,FK Semendrija 1924 Smederevo,,Serbia,1,0,1,1,0,1,1,0,1,0,0,0
37177,UkrAhroKom Holovkivka,,Ukraine,1,0,1,1,0,1,1,0,1,0,0,0
6889,Universidad César Vallejo,,Peru,0,1,1,0,1,1,0,1,1,0,0,0
49939,Virtus Francavilla Calcio,,Italy,2,4,6,3,6,9,2,4,6,0,0,0
815,Al-Shaab CSC,,United Arab Emirates,2,2,4,2,2,4,2,2,4,0,0,0
6563,Oviedo Astur CF,,Spain,1,0,1,1,0,1,1,0,1,0,0,0
34291,NK Klas Micevac,,Croatia,1,0,1,1,0,1,1,0,1,0,0,0
55686,Metalist 1925 Kharkiv,,Ukraine,0,1,1,0,1,1,0,1,1,0,0,0
9661,MKE Ankaragücü U21,,Turkey,0,1,1,0,1,1,0,1,1,0,0,0
3930,Bray Wanderers,,Ireland,4,1,5,4,1,5,4,1,5,0,0,0
10605,Marsaxlokk FC,,Malta,0,1,1,0,1,1,0,1,1,0,0,0
6681,Viribus Unitis,,Italy,1,1,2,1,1,2,1,1,2,0,0,0
5409,KFC Evergem Center,,Belgium,2,0,2,4,0,4,2,0,2,0,0,0
14670,Club Atlético Central Norte,,Argentina,1,0,1,1,0,1,1,0,1,0,0,0
34171,CD Burriana,,Spain,1,0,1,1,0,1,1,0,1,0,0,0
35348,Newcastle Town FC,,England,1,0,1,1,0,1,1,0,1,0,0,0
8328,SV Hönnepel-Niedermörmter,,Germany,1,0,1,1,0,1,1,0,1,0,0,0
45543,Yeni Salihlispor Youth,,Turkey,0,1,1,0,1,1,0,1,1,0,0,0
28022,Cuiabá Esporte Clube (MT),,Brazil,1,0,1,1,0,1,1,0,1,0,0,0
14814,Monaghan United FC,,Ireland,0,1,1,0,1,1,0,1,1,0,0,0
20541,Santos de Guápiles FC,,Costa Rica,0,2,2,0,2,2,0,2,2,0,0.018519,0.018519
12740,Union Pettenbach,,Austria,1,0,1,1,0,1,1,0,1,0,0,0
4121,Borussia Mönchengladbach U19,,Germany,0,3,3,0,3,3,0,3,3,0,0.154762,0.154762
19422,LDU de Loja,,Ecuador,1,0,1,1,0,1,1,0,1,0,0,0
22952,Salgueiro Atlético Clube (PE),,Brazil,1,1,2,1,1,2,1,1,2,0,0,0
2828,Maccabi Ahi Nazareth,,Israel,1,0,1,1,0,1,1,0,1,0,0,0
9709,CSD Comunicaciones,,Guatemala,2,2,4,2,2,4,2,2,4,0,0,0
582,Karlsruher SC II,,Germany,3,3,6,3,3,6,3,3,6,0,0,0
9671,Rega Trzebiatow,,Poland,1,1,2,1,1,2,1,1,2,0,0,0
34873,Futebol Clube Primeira Camisa (SP),,Brazil,1,0,1,1,0,1,1,0,1,0,0,0
1711,Nacional Atlético Clube (SP),,Brazil,1,2,3,1,2,3,1,2,3,0,0.065789,0.065789
4390,BNZ Vorarlberg U19,,Austria,0,3,3,0,4,4,0,3,3,0,0,0
9156,Sungkyunkwan University,,"Korea, South",0,2,2,0,2,2,0,2,2,0,0,0
22709,SSD Cynthia 1920,,Italy,1,0,1,1,0,1,1,0,1,0,0,0
43305,Jacksonville Armada FC,,United States,2,0,2,2,0,2,2,0,2,0,0,0
8426,KFC Racing Mol Wezell,,Belgium,3,0,3,3,0,3,3,0,3,0,0,0
10956,Staines Town FC,,England,1,1,2,1,2,3,1,1,2,0,0,0
38588,Nottingham Forest U21,,England,0,1,1,0,1,1,0,1,1,0,0,0
42826,BNZ Red Bull Salzburg U17,,Austria,0,1,1,0,1,1,0,1,1,0,0,0
920,Derry City,,Ireland,3,1,4,3,1,4,3,1,4,0,0.178571,0.178571
29733,SD Leioa,,Spain,1,1,2,1,1,2,1,1,2,0,0,0
6434,Zvezda Perm,,Russia,0,1,1,0,1,1,0,1,1,0,0,0
9057,FK Olimps Riga,,Latvia,1,0,1,1,0,1,1,0,1,0.178571,0,0.178571
15788,Slezsky FC Opava U19,,Czech Republic,0,1,1,0,1,1,0,1,1,0,0,0
4409,FC Zeltweg,,Austria,1,1,2,1,1,2,1,1,2,0,0,0
27901,NK Strmec Bedenica,,Croatia,2,0,2,2,0,2,2,0,2,0,0,0
2106,SC Spelle-Venhaus,,Germany,0,1,1,0,1,1,0,1,1,0,0,0
44812,Bursaspor U18,,Turkey,0,1,1,0,1,1,0,1,1,0,0.012854,0.012854
14816,SK Ceske Budejovice U21,,Czech Republic,0,1,1,0,1,1,0,1,1,0,0,0
57692,FK Kechnec,,Slovakia,1,0,1,1,0,1,1,0,1,0,0,0
15439,AC Le Havre B,,France,0,3,3,0,3,3,0,3,3,0,0,0
63786,FC Ostrava-Jih,,Czech Republic,0,1,1,0,1,1,0,1,1,0,0,0
19003,Partizan Bardejov,,Slovakia,1,1,2,1,1,2,1,1,2,0,0,0
651,Melbourne Knights,,Australia,2,1,3,3,2,5,2,1,3,0,0,0
13621,US Bitam,,Gabon,0,1,1,0,1,1,0,1,1,0,0,0
2155,FC Biel-Bienne,,Switzerland,1,1,2,1,1,2,1,1,2,0,0,0
4055,SV Dersim Rüsselsheim,,Germany,1,0,1,1,0,1,1,0,1,0,0,0
31337,CD Unión Comercio,,Peru,2,0,2,2,0,2,2,0,2,0,0,0
48712,Union Titus Petange,,Luxembourg,2,1,3,2,1,3,2,1,3,0,0,0
36793,SV Kickers Pforzheim,,Germany,1,0,1,1,0,1,1,0,1,0,0,0
11608,SD Beasain,,Spain,1,1,2,2,1,3,1,1,2,0,0,0
13810,Club Universitario de Sucre,,Bolivia,0,1,1,0,1,1,0,1,1,0,0,0
61077,SPG Pregarten,,Austria,1,0,1,1,0,1,1,0,1,0,0,0
706,Frankfurter FC Viktoria 91,,Germany,0,1,1,0,1,1,0,1,1,0,0,0
15839,UPB-MyTeam FC,,Malaysia,1,0,1,1,0,1,1,0,1,0,0,0
34374,Ebusua Dwarfs FC,,Ghana,0,1,1,0,1,1,0,1,1,0,0,0
21864,Thór Akureyri,,Iceland,1,0,1,1,0,1,1,0,1,0,0,0
9908,Notodden FK,,Norway,1,0,1,1,0,1,1,0,1,0,0,0
42089,PAS Oropos,,Greece,0,1,1,0,1,1,0,1,1,0,0,0
64764,FK Prepere,,Czech Republic,1,0,1,1,0,1,1,0,1,0,0,0
12852,UD Rio Maior,,Portugal,1,1,2,1,1,2,1,1,2,0,0,0
22251,Santa Lucia,,Italy,0,2,2,0,2,2,0,2,2,0,0,0
45200,SK Chaika,,Ukraine,1,0,1,1,0,1,1,0,1,0,0,0
14555,Estudiantes de Mérida,,Venezuela,0,2,2,0,2,2,0,2,2,0,0.021277,0.021277
20528,CE Europa,,Spain,1,1,2,1,1,2,1,1,2,0,0,0
11473,First Vienna FC II,,Austria,1,0,1,1,0,1,1,0,1,0,0,0
19063,FK Olympie Tyn nad Vltavou,,Czech Republic,0,1,1,0,1,1,0,1,1,0,0,0
16663,FC Valenciennes B,,France,0,2,2,0,2,2,0,2,2,0,0,0
68595,CSM Targu Mures,,Romania,1,0,1,1,0,1,1,0,1,0,0,0
3912,GSI Pontivy,,France,1,0,1,2,0,2,1,0,1,0,0,0
4314,Minnesota Thunder,,United States,1,1,2,1,1,2,1,1,2,0,0,0
12695,NK Lipik,,Croatia,0,1,1,0,1,1,0,1,1,0,0,0
20966,York Region Shooters,,Canada,0,1,1,0,1,1,0,1,1,0,0,0
16145,PSMS Medan,,Indonesia,1,0,1,1,0,1,1,0,1,0,0,0
22969,IFK Trollhättan,,Sweden,0,1,1,0,1,1,0,1,1,0,0,0
7817,AJ Auxerre U19,,France,0,1,1,0,1,1,0,1,1,0,0,0
4131,Home United FC,,Singapore,0,1,1,0,1,1,0,1,1,0,0,0
646,Tampa Bay Mutiny,,United States,1,0,1,1,0,1,1,0,1,0,0,0
46823,Toronto FC II,,Canada,1,0,1,1,0,1,1,0,1,0,0,0
4509,SV Grieskirchen,,Austria,1,1,2,2,1,3,1,1,2,0,0,0
23637,Scarborough FC (diss.),,England,3,0,3,3,0,3,3,0,3,0,0,0
18626,SV Sierning,,Austria,1,0,1,1,0,1,1,0,1,0,0,0
49053,Sultanbeyli Belediyespor,,Turkey,1,1,2,1,1,2,1,1,2,0,0,0
22831,Lukoil Chelyabinsk,,Russia,1,0,1,1,0,1,1,0,1,0,0,0
24446,CF Sporting Mahonés,,Spain,1,1,2,1,1,2,1,1,2,0,0,0
20907,Nacional Táchira,,Venezuela,0,1,1,0,1,1,0,1,1,0,0,0
19700,Masvingo United,,Zimbabwe,0,1,1,0,1,1,0,1,1,0,0,0
14778,Aris Thessaloniki U19,,Greece,0,3,3,0,3,3,0,3,3,0,0,0
7117,GD Bragança,,Portugal,5,0,5,5,0,5,5,0,5,0,0,0
43209,Androutsos Gravias,,Greece,2,0,2,2,0,2,2,0,2,0,0,0
20424,SV Oberndorf,,Austria,1,0,1,1,0,1,1,0,1,0,0,0
10871,Rio Branco Football Club (AC),,Brazil,1,1,2,1,1,2,1,1,2,0,0,0
26957,SV Rödinghausen,,Germany,0,1,1,0,1,1,0,1,1,0,0,0
15022,Caykur Rizespor U21,,Turkey,0,1,1,0,1,1,0,1,1,0,0,0
16667,Goiás Esporte Clube B,,Brazil,0,1,1,0,1,1,0,1,1,0,0,0
12883,FK Riga (bis 2008),,Latvia,3,0,3,3,0,3,3,0,3,0,0,0
23565,Tampa Bay Rowdies,,United States,2,0,2,2,0,2,2,0,2,0,0,0
8696,Olympos Kerkyra,,Greece,1,0,1,2,0,2,1,0,1,0,0,0
17561,Boa Esporte Clube (MG),,Brazil,1,0,1,1,0,1,1,0,1,0,0,0
37776,Dotieas Agias,,Greece,1,1,2,1,2,3,1,1,2,0,0,0
43310,SK Vysoké Mýto,,Czech Republic,0,1,1,0,1,1,0,1,1,0,0,0
7204,Santos FC Cape Town,,South Africa,0,1,1,0,1,1,0,1,1,0,0.045161,0.045161
4476,Union Weißkirchen,,Austria,0,1,1,0,1,1,0,1,1,0,0,0
39184,Almere City FC Amateurs,,Netherlands,1,0,1,1,0,1,1,0,1,0,0,0
3649,Bangor City FC,,Wales,1,0,1,1,0,1,1,0,1,0,0,0
8588,CF La Unión,,Spain,0,1,1,0,1,1,0,1,1,0,0,0
32840,Inter Allies FC,,Ghana,0,1,1,0,1,1,0,1,1,0,0.060361,0.060361
3622,IFK Värnamo,,Sweden,1,0,1,1,0,1,1,0,1,0,0,0
32825,Capital City FC,,Canada,1,0,1,1,0,1,1,0,1,0,0,0
30284,AD Nogueirense,,Portugal,0,1,1,0,1,1,0,1,1,0,0,0
2237,Calgary Storm,,Canada,1,1,2,1,1,2,1,1,2,0,0,0
22184,Cremapergo Calcio,,Italy,1,0,1,1,0,1,1,0,1,0,0,0
43321,USD San Marco Avenza,,Italy,0,1,1,0,1,1,0,1,1,0,0,0
44006,Bodrum Belediyesi Bodrumspor,,Turkey,2,1,3,2,1,3,2,1,3,0,0,0
31355,FSV Duisburg,,Germany,1,0,1,1,0,1,1,0,1,0,0,0
61052,AO Paleochoras,,Greece,1,0,1,1,0,1,1,0,1,0,0,0
12673,Club Sportivo Ben Hur,,Argentina,1,1,2,1,1,2,1,1,2,0,0,0
66511,Sokol Nove Straseci,,Czech Republic,1,0,1,1,0,1,1,0,1,0,0,0
26567,Anzhi Makhachkala II,,Russia,1,1,2,1,1,2,1,1,2,0,0,0
10459,Standard Liège Youth,,Belgium,0,1,1,0,1,1,0,1,1,0,0,0
22843,Salam Zgharta,,Lebanon,1,0,1,1,0,1,1,0,1,0,0,0
37208,CS Flacara Faget,,Romania,0,1,1,0,1,1,0,1,1,0,0,0
24226,Wolverhampton Wanderers U23,,England,1,0,1,1,0,1,1,0,1,0,0,0
28004,NK Tekstilac-Ravnice,,Croatia,2,0,2,2,0,2,2,0,2,0,0,0
4375,FC Admira Wacker Mödling II,,Austria,2,1,3,2,1,3,2,1,3,0,0,0
37728,NK Bobota-Agrar,,Croatia,2,0,2,2,0,2,2,0,2,0,0,0
49247,JS Saint-Jean Beaulieu,,France,1,0,1,1,0,1,1,0,1,0,0,0
8608,FC Vilnius,,Lithuania,2,2,4,2,2,4,2,2,4,0,0,0
31205,Olimpik Donetsk U17,,Ukraine,0,1,1,0,1,1,0,1,1,0,0,0
16544,Deportivo Petapa,,Guatemala,0,1,1,0,1,1,0,1,1,0,0.02381,0.02381
11914,FC Differdange 03,,Luxembourg,1,0,1,1,0,1,1,0,1,0,0,0
11584,Accra Great Olympics,,Ghana,0,1,1,0,1,1,0,1,1,0,0,0
22646,Shepshed Dynamo FC,,England,1,0,1,1,0,1,1,0,1,0,0,0
28788,NK Nosteria Nustar,,Croatia,1,0,1,1,0,1,1,0,1,0,0,0
11256,FC St. Michael/L.,,Austria,0,1,1,0,1,1,0,1,1,0,0,0
17257,FBC Unione Venezia Berretti,,Italy,0,1,1,0,1,1,0,1,1,0,0,0
21730,Grêmio Catanduvense (SP),,Brazil,2,0,2,2,0,2,2,0,2,0,0,0
40472,Esteghlal Khuzestan,,Iran,0,1,1,0,1,1,0,1,1,0,0.006498,0.006498
12868,Universidad Saragossa,,Spain,0,1,1,0,1,1,0,1,1,0,0,0
3647,Stalybridge Celtic FC,,England,1,0,1,1,0,1,1,0,1,0,0,0
48935,Rahimo FC,,Burkina Faso,1,0,1,1,0,1,1,0,1,0,0,0
14977,Club Almagro,,Argentina,2,1,3,2,1,3,2,1,3,0,0,0
60309,Yeelen Olympique,,Mali,1,2,3,1,3,4,1,2,3,0,0.002252,0.002252
4505,Reusel Sport,,Netherlands,1,0,1,1,0,1,1,0,1,0,0,0
28574,Neves FC,,Portugal,1,0,1,1,0,1,1,0,1,0,0,0
30106,NK Polet Sveta Klara,,Croatia,1,0,1,1,0,1,1,0,1,0,0,0
2950,FC Samtredia,,Georgia,1,3,4,1,3,4,1,3,4,0,0,0
18122,Club Atlético Atenas de San Carlos,,Uruguay,0,2,2,0,2,2,0,2,2,0,0,0
36341,GNK Dinamo Zagreb Youth,,Croatia,1,0,1,1,0,1,1,0,1,0,0,0
21875,Stjarnan Gardabaer,,Iceland,0,1,1,0,1,1,0,1,1,0,0,0
15036,Club de Regatas Vasco da Gama U17,,Brazil,0,1,1,0,1,1,0,1,1,0,0.883313,0.883313
23794,SC Wiener Neustadt II,,Austria,1,1,2,1,1,2,1,1,2,0,0,0
52517,AA Portuguesa (RJ),,Brazil,0,1,1,0,1,1,0,1,1,0,0,0
42830,AKA Steiermark - Sturm Graz U16,,Austria,0,1,1,0,1,1,0,1,1,0,0,0
68073,AO Stylidas,,Greece,1,0,1,1,0,1,1,0,1,0,0,0
23882,KFC Eendracht Zele,,Belgium,0,1,1,0,1,1,0,1,1,0,0,0
3724,Hednesford Town,,England,1,1,2,1,1,2,1,1,2,0,0,0
29143,Shandong Luneng Taishan Reserves,,China,0,1,1,0,1,1,0,1,1,0,0,0
23562,Tauras Taurage,,Lithuania,1,1,2,1,1,2,1,1,2,0,0,0
24530,Neath FC,,Wales,1,0,1,1,0,1,1,0,1,0,0,0
18617,ADCE Diogo Cão,,Portugal,0,1,1,0,1,1,0,1,1,0,0,0
9540,Santos FC U20,,Brazil,0,2,2,0,2,2,0,2,2,0,0,0
45353,Sassari Latte Dolce,,Italy,1,1,2,1,1,2,1,1,2,0,0,0
22204,Derthona FBC,,Italy,0,2,2,0,2,2,0,2,2,0,0,0
7466,UA Maracaibo,,Venezuela,2,1,3,2,1,3,2,1,3,0,0,0
16700,José Gálvez FBC,,Peru,1,1,2,1,1,2,1,1,2,0,0,0
25446,Samut Prakan City,,Thailand,1,0,1,1,0,1,1,0,1,0,0,0
25116,Fluminense de Feira Futebol Clube (BA),,Brazil,2,0,2,2,0,2,2,0,2,0,0,0
4429,SAK Klagenfurt,,Austria,0,1,1,0,1,1,0,1,1,0,0,0
1918,FC Prishtina,,Kosovo,1,1,2,1,1,2,1,1,2,0,0.026316,0.026316
14154,ASV Schrems,,Austria,1,0,1,1,0,1,1,0,1,0,0,0
14963,AD Adra Milenaria,,Spain,0,1,1,0,1,1,0,1,1,0,0,0
33854,Torpedo-Kadino Mogilev,,Belarus,0,1,1,0,1,1,0,1,1,0,0,0
21409,Central Sport Club (PE),,Brazil,0,1,1,0,1,1,0,1,1,0,0,0
18842,NK Buje Zigante tartufi,,Croatia,0,1,1,0,1,1,0,1,1,0,0,0
24994,Merelinense FC,,Portugal,1,2,3,1,3,4,1,2,3,0,0,0
4074,Dartford FC,,England,0,2,2,0,3,3,0,2,2,0,0,0
34155,NK Losinj,,Croatia,1,0,1,1,0,1,1,0,1,0,0,0
40422,Real Betis U19,,Spain,0,1,1,0,1,1,0,1,1,0,0,0
24794,Chiclana CF,,Spain,1,0,1,1,0,1,1,0,1,0,0,0
44425,RS Waremmien FC,,Belgium,0,1,1,0,1,1,0,1,1,0,0,0
34138,AC Loanesi San Francesco,,Italy,1,1,2,1,1,2,1,1,2,0,0,0
58407,Sokol Hostoun,,Czech Republic,1,0,1,1,0,1,1,0,1,0,0,0
44223,AS Giana Erminio,,Italy,2,1,3,2,1,3,2,1,3,0,0,0
17659,Esporte Clube Juventude B,,Brazil,1,1,2,1,1,2,1,1,2,0,0,0
21253,FK Akademik Sofia,,Bulgaria,2,0,2,2,0,2,2,0,2,0,0,0
19241,Apollon Smyrnis U20,,Greece,0,1,1,0,1,1,0,1,1,0,0,0
2620,Golden Star,,Martinique,1,0,1,1,0,1,1,0,1,0,0,0
30703,Royal Géants Athois,,Belgium,3,0,3,3,0,3,3,0,3,0,0,0
27475,Clube Atlético Penapolense (SP),,Brazil,1,2,3,1,2,3,1,2,3,0,0.078947,0.078947
42231,AFC Wulfrunians,,England,1,0,1,1,0,1,1,0,1,0,0,0
13046,CD Real Cartagena,,Colombia,0,1,1,0,1,1,0,1,1,0,0,0
45618,SL Benfica U17,,Portugal,0,1,1,0,1,1,0,1,1,0,0.025046,0.025046
32056,SV Halbenrain,,Austria,1,0,1,1,0,1,1,0,1,0,0,0
1799,FC Rustavi,,Georgia,2,0,2,2,0,2,2,0,2,0,0,0
28099,Mostovik-Primorje Ussurijsk,,Russia,0,1,1,0,1,1,0,1,1,0,0,0
23548,SC Sagamihara,,Japan,1,0,1,1,0,1,1,0,1,0,0,0
35459,Asteras Amaliadas,,Greece,2,0,2,2,0,2,2,0,2,0,0,0
46958,Golden Lions Soccer Academy,,Ghana,0,1,1,0,1,1,0,1,1,0,0,0
45131,Erdekspor,,Turkey,1,0,1,1,0,1,1,0,1,0,0,0
29475,Guarani Esporte Clube (CE),,Brazil,0,1,1,0,1,1,0,1,1,0,0,0
5584,ASD Astrea,,Italy,1,0,1,1,0,1,1,0,1,0,0,0
9231,Veranópolis Esporte Clube (RS),,Brazil,1,2,3,1,2,3,1,2,3,0,0,0
16619,Metallurg-Oskol Stary Oskol,,Russia,0,1,1,0,1,1,0,1,1,0,0,0
6314,Voorschoten ´97,,Netherlands,1,0,1,2,0,2,1,0,1,0,0,0
40188,Atlético de San Luis,,Mexico,1,0,1,1,0,1,1,0,1,0,0,0
20188,SV Gmunden Jugend,,Austria,0,1,1,0,1,1,0,1,1,0,0,0
44360,Araz-Naxcivan Nakchivan,,Azerbaijan,0,1,1,0,1,1,0,1,1,0,0,0
6069,University College Dublin,,Ireland,1,0,1,1,0,1,1,0,1,0,0,0
9719,Hartwick College,,United States,0,1,1,0,1,1,0,1,1,0,0,0
17115,USON Mondeville,,France,1,1,2,1,1,2,1,1,2,0,0,0
25380,Deportivo Lara,,Venezuela,2,1,3,2,1,3,2,1,3,0,0.028571,0.028571
477,1.FC Wunstorf,,Germany,1,0,1,1,0,1,1,0,1,0,0,0
5083,Dynamo Dresden II,,Germany,1,0,1,1,0,1,1,0,1,0,0,0
4916,SC Düsseldorf-West,,Germany,0,1,1,0,1,1,0,1,1,0,0,0
13392,ASV Spratzern,,Austria,2,0,2,2,0,2,2,0,2,0,0,0
20840,Mesquita Futebol Clube (RJ),,Brazil,0,2,2,0,2,2,0,2,2,0,0,0
3792,Sable FC de Batie,,Cameroon,0,3,3,0,4,4,0,3,3,0,0,0
27661,FC Neapolis Mugnano,,Italy,0,1,1,0,1,1,0,1,1,0,0,0
29769,Tiszabecs LC,,Hungary,0,1,1,0,1,1,0,1,1,0,0,0
19712,AS Togo Port,,Togo,1,1,2,1,1,2,1,1,2,0,0,0
2447,SV Irschen,,Austria,0,1,1,0,2,2,0,1,1,0,0,0
26713,Dibba Al-Hisn,,United Arab Emirates,1,1,2,1,1,2,1,1,2,0,0,0
27088,HV & CV Quick,,Netherlands,3,0,3,3,0,3,3,0,3,0,0,0
12634,vv Sneek,,Netherlands,1,1,2,2,1,3,1,1,2,0,0,0
13529,CMS Oissel,,France,1,0,1,1,0,1,1,0,1,0,0,0
2445,CD Victoria La Ceiba,,Honduras,1,1,2,1,1,2,1,1,2,0,0,0
14598,Rampla Juniors FC,,Uruguay,1,1,2,1,1,2,1,1,2,0,0,0
24614,VV Zaamslag,,Netherlands,1,0,1,1,0,1,1,0,1,0,0,0
34593,Enosis Neon Parekklisia,,Cyprus,0,1,1,0,1,1,0,1,1,0,0,0
14966,Kavkazkabel Prohladny,,Russia,0,1,1,0,1,1,0,1,1,0,0,0
17913,UFC Fehring,,Austria,0,1,1,0,1,1,0,1,1,0,0,0
42005,SC Hessen Dreieich,,Germany,1,0,1,1,0,1,1,0,1,0,0,0
3569,DVS '33 Ermelo,,Netherlands,1,1,2,1,1,2,1,1,2,0,0,0
46017,Metallurg Pikalevo,,Russia,1,0,1,1,0,1,1,0,1,0,0,0
26784,Canavese Youth,,Italy,0,1,1,0,1,1,0,1,1,0,0,0
29501,Clube Esportivo Aimoré (RS),,Brazil,1,2,3,1,2,3,1,2,3,0,0,0
13301,FK Cadca,,Slovakia,1,1,2,1,1,2,1,1,2,0,0,0
6674,Dynamo Douala,,Cameroon,0,2,2,0,2,2,0,2,2,0,0,0
19433,SV Diksmuide,,Belgium,1,0,1,1,0,1,1,0,1,0,0,0
33163,Elektron Romny,,Ukraine,0,1,1,0,1,1,0,1,1,0,0,0
13285,US Caravaggese,,Italy,1,1,2,1,1,2,1,1,2,0,0,0
44650,Atlético Venezuela B,,Venezuela,0,1,1,0,1,1,0,1,1,0,0,0
16521,SC Fortuna Köln U19,,Germany,0,1,1,0,1,1,0,1,1,0,0,0
17534,JS Kairouanaise,,Tunisia,1,1,2,1,1,2,1,1,2,0,0,0
2192,FC Falke Markt Schwaben,,Germany,0,1,1,0,1,1,0,1,1,0,0,0
32657,AC Esporte Clube Baraúnas (RN),,Brazil,1,0,1,1,0,1,1,0,1,0,0,0
16265,JSM Bejaia,,Algeria,1,0,1,1,0,1,1,0,1,0,0,0
23533,VC Vlissingen,,Netherlands,1,0,1,1,0,1,1,0,1,0,0,0
8908,Carshalton Athletic,,England,1,0,1,1,0,1,1,0,1,0,0,0
8179,FC Metz B,,France,0,1,1,0,1,1,0,1,1,0,0,0
44167,RKAVV Leidschendam,,Netherlands,1,0,1,1,0,1,1,0,1,0,0,0
11847,Chemik Police,,Poland,1,0,1,1,0,1,1,0,1,0,0,0
45277,Kerala Blasters FC,,India,2,0,2,2,0,2,2,0,2,0,0,0
632,Hönefoss BK,,Norway,2,2,4,2,2,4,2,2,4,0,0.018564,0.018564
12864,FK Teplice U21,,Czech Republic,0,1,1,0,1,1,0,1,1,0,0,0
27835,Esporte Clube Cruzeiro (RS),,Brazil,0,1,1,0,1,1,0,1,1,0,0,0
36224,FK Jerv,,Norway,1,1,2,1,1,2,1,1,2,0,0,0
26586,Najran SC,,Saudi Arabia,0,1,1,0,1,1,0,1,1,0,0,0
44202,Deportivo Alavés U19,,Spain,1,1,2,1,1,2,1,1,2,0,0,0
15838,Terengganu FC,,Malaysia,0,1,1,0,1,1,0,1,1,0,0,0
4081,Bishop Auckland FC,,England,0,1,1,0,1,1,0,1,1,0,0,0
17830,AS Denguélé d’Odienné,,Cote d'Ivoire,0,1,1,0,1,1,0,1,1,0,0,0
23911,Gandzasar Kapan,,Armenia,1,0,1,1,0,1,1,0,1,0,0,0
18272,ES Sétif,,Algeria,1,2,3,1,2,3,1,2,3,0,0,0
17053,San Fernando Valley Quakes,,United States,0,1,1,0,1,1,0,1,1,0,0,0
616,Esporte Clube Internacional (RS),,Brazil,0,1,1,0,1,1,0,1,1,0,0,0
26780,Prato Youth,,Italy,1,0,1,1,0,1,1,0,1,0,0,0
27782,Clube Andraus Brasil (PR),,Brazil,1,0,1,1,0,1,1,0,1,0,0,0
22837,Americano Futebol Clube (MA),,Brazil,0,1,1,0,1,1,0,1,1,0,0,0
17399,Zenit Penza,,Russia,0,4,4,0,4,4,0,4,4,0,0,0
7189,FC Oliveira do Hospital,,Portugal,1,1,2,1,1,2,1,1,2,0,0,0
22687,Stourbridge FC,,England,1,0,1,1,0,1,1,0,1,0,0,0
27177,USV Rudersdorf,,Austria,1,0,1,1,0,1,1,0,1,0,0,0
31558,MO Béjaïa,,Algeria,0,1,1,0,1,1,0,1,1,0,0,0
34002,Pannafpliakos AO 2011,,Greece,1,1,2,1,1,2,1,1,2,0,0,0
10201,Grêmio Esportivo Jaciara (MT),,Brazil,1,2,3,1,2,3,1,2,3,0,0,0
37760,Shukura Kobuleti,,Georgia,0,1,1,0,1,1,0,1,1,0,0,0
16486,CF Fuenlabrada,,Spain,3,0,3,3,0,3,3,0,3,0,0,0
7408,Harkemase Boys,,Netherlands,4,0,4,6,0,6,4,0,4,0,0,0
7797,Fiães SC,,Portugal,0,1,1,0,1,1,0,1,1,0,0,0
30156,US Changéenne,,France,0,1,1,0,1,1,0,1,1,0,0,0
546,FC Schönberg 95,,Germany,1,0,1,1,0,1,1,0,1,0,0,0
39818,San Donato Tavarnelle,,Italy,0,1,1,0,1,1,0,1,1,0,0,0
34344,Shatin SA,,Hongkong,1,0,1,1,0,1,1,0,1,0,0,0
29271,CD Tudelano,,Spain,0,1,1,0,1,1,0,1,1,0,0,0
3727,Royale Jeunesse Aischoise,,Belgium,1,0,1,1,0,1,1,0,1,0,0,0
20429,Burscough FC,,England,0,1,1,0,1,1,0,1,1,0,0,0
12059,Petrotrest St. Petersburg,,Russia,3,0,3,3,0,3,3,0,3,0,0,0
3506,FSV Hoyerswerda,,Germany,1,0,1,1,0,1,1,0,1,0,0,0
19214,Lokomotiv 2012 Mezdra,,Bulgaria,1,0,1,1,0,1,1,0,1,0,0,0
745,Freiburger FC,,Germany,1,0,1,1,0,1,1,0,1,0,0,0
30038,Club Atlético Mitre,,Argentina,0,1,1,0,1,1,0,1,1,0,0,0
22055,Tolentino Calcio,,Italy,1,1,2,1,2,3,1,1,2,0,0,0
25815,GDR Monsanto,,Portugal,0,2,2,0,2,2,0,2,2,0,0,0
10407,Luzenac AP,,France,1,3,4,1,3,4,1,3,4,0,0,0
40553,Lynx FC,,Gibraltar,1,0,1,1,0,1,1,0,1,0,0,0
15796,Al-Wehdat,,Jordan,1,0,1,1,0,1,1,0,1,0,0,0
4867,Ceramika Opoczno,,Poland,0,1,1,0,1,1,0,1,1,0,0.0164,0.0164
9523,Racing Club de Roubaix,,France,1,0,1,1,0,1,1,0,1,0,0,0
16653,Botafogo Rio de Janeiro U20,,Brazil,0,1,1,0,1,1,0,1,1,0,0,0
13231,Haro Deportivo,,Spain,0,1,1,0,1,1,0,1,1,0,0,0
1019,Prudentópolis Esporte Clube (PR),,Brazil,1,0,1,1,0,1,1,0,1,0,0,0
9028,Nybergsund,,Norway,0,1,1,0,1,1,0,1,1,0,0,0
4219,FC Einheit Rudolstadt,,Germany,1,0,1,1,0,1,1,0,1,0,0,0
13600,FC Gifu,,Japan,1,0,1,1,0,1,1,0,1,0,0,0
27590,ASD Morolo Calcio,,Italy,1,0,1,1,0,1,1,0,1,0,0,0
213,Vác FC,,Hungary,0,1,1,0,2,2,0,1,1,0,0,0
24459,FK Drnovice U19,,Czech Republic,0,1,1,0,1,1,0,1,1,0,0,0
12732,VVSB Noordwijkerhout,,Netherlands,1,0,1,1,0,1,1,0,1,0,0,0
34591,Clube Olímpico Montijo,,Portugal,1,1,2,1,1,2,1,1,2,0,0,0
37022,Spartak 2 Vladikavkaz,,Russia,0,1,1,0,1,1,0,1,1,0,0,0
8971,KF Velebit,,Sweden,1,0,1,1,0,1,1,0,1,0,0,0
304,FC Jazz Pori,,Finland,0,1,1,0,1,1,0,1,1,0,0,0
3698,Chelmsford City,,England,1,0,1,1,0,1,1,0,1,0,0,0
10431,VV St. Truiden U19,,Belgium,0,2,2,0,2,2,0,2,2,0,0,0
38391,Fontanafredda,,Italy,0,1,1,0,1,1,0,1,1,0,0,0
18985,TJ Sokol Zivanice,,Czech Republic,2,0,2,2,0,2,2,0,2,0,0,0
9477,CE L’Hospitalet,,Spain,0,4,4,0,4,4,0,4,4,0,0,0
1251,Cliftonville FC,,Northern Ireland,0,1,1,0,1,1,0,1,1,0,0.029866,0.029866
14590,Spartak Kostroma,,Russia,0,1,1,0,1,1,0,1,1,0,0,0
14160,ASD Boca Pietri Carpi,,Italy,0,1,1,0,1,1,0,1,1,0,0,0
12453,MSV Eisleben,,Germany,1,0,1,1,0,1,1,0,1,0,0,0
18028,SV Forchtenstein,,Austria,1,0,1,1,0,1,1,0,1,0,0,0
30925,Gwangju FC,,"Korea, South",1,0,1,1,0,1,1,0,1,0,0,0
46275,San Teodoro,,Italy,1,0,1,1,0,1,1,0,1,0,0,0
4290,Pittsburgh Riverhounds SC,,United States,0,2,2,0,2,2,0,2,2,0,0,0
37569,Central FC,,Trinidad and Tobago,0,1,1,0,1,1,0,1,1,0,0,0
13925,SK Sigma Olomouc U19,,Czech Republic,0,1,1,0,1,1,0,1,1,0,0,0
6130,VV Ter Leede,,Netherlands,1,0,1,1,0,1,1,0,1,0,0,0
4840,VfB Homberg,,Germany,0,1,1,0,1,1,0,1,1,0,0,0
20534,Venets Gulkevichi,,Russia,0,1,1,0,1,1,0,1,1,0,0,0
6920,Everton FC U18,,England,0,2,2,0,2,2,0,2,2,0,0,0
22359,Sangimignano Sport,,Italy,1,1,2,1,1,2,1,1,2,0,0,0
3496,Arminia Ludwigshafen,,Germany,1,0,1,1,0,1,1,0,1,0,0,0
2981,TSV Neumarkt,,Austria,1,1,2,1,1,2,1,1,2,0,0,0
28904,AC Bastia 1924,,Italy,1,0,1,1,0,1,1,0,1,0,0,0
26979,CD Marte,,Mexico,1,0,1,1,0,1,1,0,1,0,0,0
13678,Al Ittihad Aleppo,,Syria,1,0,1,1,0,1,1,0,1,0,0,0
36949,Dynamo Kyiv U19,,Ukraine,0,1,1,0,1,1,0,1,1,0,0,0
54753,Nashville SC,,United States,1,0,1,1,0,1,1,0,1,0,0,0
22964,FC Snagov,,Romania,1,0,1,1,0,1,1,0,1,0,0,0
4677,Tennis Borussia Berlin U19,,Germany,0,2,2,0,2,2,0,2,2,0,0,0
572,Stuttgarter Kickers II,,Germany,1,1,2,1,1,2,1,1,2,0,0,0
2826,SC Feyenoord Rotterdam,,Netherlands,0,1,1,0,1,1,0,1,1,0,0,0
11843,Rozwój Katowice,,Poland,0,1,1,0,1,1,0,1,1,0,0,0
17149,Hamrun Spartans,,Malta,1,0,1,1,0,1,1,0,1,0,0,0
11260,Pogon Szczecin Nowa,,Poland,0,1,1,0,1,1,0,1,1,0,0,0
42878,Finikas Kallitheas,,Greece,0,1,1,0,1,1,0,1,1,0,0,0
34970,Gangneung City FC,,"Korea, South",0,1,1,0,1,1,0,1,1,0,0,0
37946,Bayburtspor,,Turkey,1,0,1,1,0,1,1,0,1,0,0,0
27527,ASD Sporting Terni,,Italy,2,0,2,2,0,2,2,0,2,0,0,0
25540,Étoile Filante Ouagadougou,,Burkina Faso,0,2,2,0,2,2,0,2,2,0,0,0
11055,FC Lienden,,Netherlands,1,1,2,1,1,2,1,1,2,0,0.006579,0.006579
10744,Palamós CF,,Spain,0,1,1,0,1,1,0,1,1,0,0,0
52987,KVK Avelgem,,Belgium,1,0,1,1,0,1,1,0,1,0,0,0
26468,Deportivo La Guaira,,Venezuela,0,1,1,0,1,1,0,1,1,0,0.101339,0.101339
15907,MTK Budapest U19,,Hungary,0,1,1,0,2,2,0,1,1,0,0.05814,0.05814
49531,TSV Moosach b. Grafing,,Germany,1,0,1,1,0,1,1,0,1,0,0,0
44326,AC Vigasio,,Italy,1,0,1,1,0,1,1,0,1,0,0,0
12991,Preston Lions FC,,Australia,1,1,2,1,1,2,1,1,2,0,0,0
26252,FK ŠVS Brezová pod Bradlom,,Slovakia,0,1,1,0,1,1,0,1,1,0,0,0
6448,FCM Campina,,Romania,1,0,1,1,0,1,1,0,1,0,0,0
27613,Santegidiese Calcio,,Italy,0,2,2,0,2,2,0,2,2,0,0,0
24238,NK Odzak 102,,Bosnia-Herzegovina,1,0,1,1,0,1,1,0,1,0,0,0
17224,FK Smorgon,,Belarus,1,0,1,1,0,1,1,0,1,0,0,0
12390,MKE Kirikkalespor,,Turkey,2,0,2,2,0,2,2,0,2,0,0,0
8678,UDA Gramenet,,Spain,1,0,1,1,0,1,1,0,1,0,0,0
45578,PO Moudanion,,Greece,1,0,1,1,0,1,1,0,1,0,0,0
21965,ASV De Dijk,,Netherlands,0,1,1,0,1,1,0,1,1,0,0,0
3264,AD Machico,,Portugal,0,1,1,0,1,1,0,1,1,0,0,0
28172,Transnet School of Excellence,,South Africa,0,1,1,0,1,1,0,1,1,0,0,0
12441,Vorskla Poltava II,,Ukraine,0,3,3,0,3,3,0,3,3,0,0,0
22781,Associação Atlética Iguaçu (PR),,Brazil,0,1,1,0,1,1,0,1,1,0,0,0
26197,US Colomiers,,France,0,1,1,0,1,1,0,1,1,0,0,0
25091,FK Olimpik Sarajevo U19,,Bosnia-Herzegovina,0,1,1,0,1,1,0,1,1,0,0,0
15025,Konyaspor U21,,Turkey,0,1,1,0,1,1,0,1,1,0,0,0
50341,USD Grumellese Calcio,,Italy,1,2,3,1,2,3,1,2,3,0,0,0
18675,HCSV Zwaluwen´30,,Netherlands,1,0,1,2,0,2,1,0,1,0,0,0
43561,KV Kortrijk U21,,Belgium,0,1,1,0,1,1,0,1,1,0,0,0
1900,VCHZ Pardubice,,Czech Republic,0,1,1,0,1,1,0,1,1,0,0,0
21057,Eintracht Frankfurt U17,,Germany,0,1,1,0,1,1,0,1,1,0,0,0
39336,Brighton & Hove Albion U23,,England,1,1,2,1,1,2,1,1,2,0.112613,0,0.112613
35515,Erganispor,,Turkey,1,0,1,1,0,1,1,0,1,0,0,0
1225,FC Haka,,Finland,1,2,3,1,2,3,1,2,3,0,0,0
12676,Serbian White Eagles,,Canada,1,0,1,1,0,1,1,0,1,0,0,0
54536,ASD Nibbiano & Valtidone,,Italy,0,1,1,0,1,1,0,1,1,0,0,0
9140,Catuense Futebol (BA),,Brazil,1,1,2,1,1,2,1,1,2,0,0,0
42226,Dalian Transcendence,,China,0,1,1,0,1,1,0,1,1,0,0,0
1956,AS Real Bamako,,Mali,0,1,1,0,1,1,0,1,1,0,0,0
10681,RFC Malmundaria,,Belgium,1,0,1,1,0,1,1,0,1,0,0,0
5747,Deportes La Serena,,Chile,1,1,2,1,1,2,1,1,2,0,0,0
8641,Stal Stalowa Wola,,Poland,0,1,1,0,1,1,0,1,1,0,0.019355,0.019355
34808,ASA Targu Mures II,,Romania,1,0,1,1,0,1,1,0,1,0,0,0
26345,Taranto Juniores,,Italy,1,0,1,1,0,1,1,0,1,0,0,0
8885,Umeå FC,,Sweden,3,0,3,3,0,3,3,0,3,0,0,0
19715,Hull City U23,,England,1,0,1,1,0,1,1,0,1,0,0,0
7816,Club Sportivo Sergipe (SE),,Brazil,0,2,2,0,2,2,0,2,2,0,0,0
11448,CD Colonia Ofigevi,,Spain,1,0,1,1,0,1,1,0,1,0,0,0
13065,Torpedo Moskau II,,Russia,0,3,3,0,3,3,0,3,3,0,0,0
15159,Mezitlispor,,Turkey,0,1,1,0,1,1,0,1,1,0,0,0
40834,FC Baník Horná Nitra,,Slovakia,1,0,1,1,0,1,1,0,1,0,0,0
12421,Itumbiara Esporte Clube (GO),,Brazil,2,1,3,2,1,3,2,1,3,0,0,0
41810,FC Lauterach Jugend,,Austria,0,1,1,0,1,1,0,1,1,0,0,0
6064,Belvedere FC,,Ireland,0,1,1,0,1,1,0,1,1,0,0.04,0.04
68987,AS Menora Strasbourg,,France,0,1,1,0,1,1,0,1,1,0,0,0
11539,B71 Sandur,,Faroe Island,0,1,1,0,1,1,0,1,1,0,0,0
10856,Clube Esportivo de Bento Gonçalves (RS),,Brazil,1,2,3,1,2,3,1,2,3,0,0,0
20426,SC Melk,,Austria,1,0,1,1,0,1,1,0,1,0,0,0
12279,Ceilândia Esporte Clube (DF),,Brazil,0,1,1,0,1,1,0,1,1,0,0,0
16277,Bury FC U18,,England,0,1,1,0,1,1,0,1,1,0,0,0
28609,CD Capiatá,,Paraguay,1,0,1,1,0,1,1,0,1,0,0,0
3297,Capivariano Futebol Clube (SP),,Brazil,1,0,1,1,0,1,1,0,1,0,0,0
12181,San Fernando CD,,Spain,1,0,1,1,0,1,1,0,1,0,0,0
22995,Yesil-Bogatyr Petropavlovsk,,Kazakhstan,1,0,1,1,0,1,1,0,1,0,0,0
11034,NK Nedelisce,,Croatia,1,0,1,2,0,2,1,0,1,0,0,0
42786,HIF Akademi,,Sweden,0,1,1,0,1,1,0,1,1,0,0,0
7796,Budissa Bautzen II,,Germany,1,0,1,1,0,1,1,0,1,0,0,0
6836,KTH Diest,,Belgium,2,0,2,2,0,2,2,0,2,0,0,0
4488,CD Irapuato,,Mexico,1,0,1,1,0,1,1,0,1,0,0,0
23838,Clube Atlético Tubarão (SC),,Brazil,2,0,2,2,0,2,2,0,2,0,0,0
2255,Achilles 1894,,Netherlands,1,0,1,2,0,2,1,0,1,0,0,0
22561,NK Vinodol,,Croatia,2,2,4,2,2,4,2,2,4,0,0,0
12516,Kryvbas Kryvyi Rih II,,Ukraine,1,0,1,1,0,1,1,0,1,0,0,0
25025,SC Ernsthofen,,Austria,0,1,1,0,1,1,0,1,1,0,0,0
35450,Pyrasos Neas Agchialou,,Greece,1,1,2,1,1,2,1,1,2,0,0,0
20120,Rapid Lienz,,Austria,0,1,1,0,1,1,0,1,1,0,0,0
42668,AS Magnisiakos,,Greece,0,2,2,0,2,2,0,2,2,0,0,0
10642,Atessa Val di Sangro,,Italy,0,2,2,0,2,2,0,2,2,0,0,0
10732,Watford FC U18,,England,0,2,2,0,2,2,0,2,2,0,0,0
14903,Bafra Belediyespor,,Turkey,0,2,2,0,2,2,0,2,2,0,0,0
25835,CF Oliveira Douro,,Portugal,1,1,2,1,1,2,1,1,2,0,0,0
7632,AEK Athen U20,,Greece,0,2,2,0,2,2,0,2,2,0,0,0
20428,FC United of Manchester,,England,1,0,1,1,0,1,1,0,1,0,0,0
18689,CD Guaraní Antonio Franco,,Argentina,1,0,1,1,0,1,1,0,1,0,0,0
35429,Ethnikos Sochou,,Greece,0,1,1,0,1,1,0,1,1,0,0,0
10538,B68 Toftir,,Faroe Island,1,0,1,1,0,1,1,0,1,0,0,0
3773,KVV Verbroedering Maasmechelen,,Belgium,1,0,1,1,0,1,1,0,1,0,0,0
3217,Bartinspor,,Turkey,1,0,1,1,0,1,1,0,1,0,0,0
14390,Brusque Futebol Clube (SC),,Brazil,3,0,3,3,0,3,3,0,3,0,0,0
25002,FSC Pöls,,Austria,1,0,1,1,0,1,1,0,1,0,0,0
13635,Shinnik Yaroslavl II,,Russia,2,0,2,2,0,2,2,0,2,0,0,0
34501,NK Smoljanci Sloboda Svetvincent,,Croatia,1,0,1,1,0,1,1,0,1,0,0,0
41014,SV Justiz Graz,,Austria,1,0,1,1,0,1,1,0,1,0,0,0
33330,Juliana '31,,Netherlands,1,0,1,1,0,1,1,0,1,0,0,0
5865,US Ouagadougou,,Burkina Faso,0,1,1,0,1,1,0,1,1,0,0,0
4661,Radnicki Obrenovac,,Serbia,0,2,2,0,2,2,0,2,2,0,0,0
9371,FC Toulouse B,,France,0,1,1,0,1,1,0,1,1,0,0,0
16190,Montedio Yamagata,,Japan,1,0,1,1,0,1,1,0,1,0,0,0
54535,Ras Al-Khaima,,United Arab Emirates,1,0,1,1,0,1,1,0,1,0,0,0
12639,Delta Tulcea,,Romania,0,1,1,0,1,1,0,1,1,0,0,0
10816,AO Agia Napa,,Cyprus,1,0,1,1,0,1,1,0,1,0,0,0
51,Lüneburger SK (liq.),,Germany,0,1,1,0,1,1,0,1,1,0,0,0
8950,Perpignan Football Catalan,,France,0,2,2,0,2,2,0,2,2,0,0,0
4949,FK Bokelj,,Montenegro,0,1,1,0,1,1,0,1,1,0,0,0
28098,FK Kaluga,,Russia,1,3,4,1,3,4,1,3,4,0,0,0
71750,AE Ampelokipon Dramas,,Greece,1,0,1,1,0,1,1,0,1,0,0,0
18870,MFK Dolny Kubin,,Slovakia,1,0,1,1,0,1,1,0,1,0,0,0
46500,1. FC Viktorie Prerov,,Czech Republic,1,1,2,1,1,2,1,1,2,0,0,0
10781,VV DETO Twenterand,,Netherlands,1,0,1,1,0,1,1,0,1,0,0,0
37983,Yeni Amasyaspor,,Turkey,1,0,1,1,0,1,1,0,1,0,0,0
35422,Aris Akropotamos,,Greece,1,0,1,1,0,1,1,0,1,0,0,0
24004,USV St. Ulrich,,Austria,1,0,1,1,0,1,1,0,1,0,0,0
9960,DC Virunga,,DR Congo,0,1,1,0,1,1,0,1,1,0,0,0
3767,RFC Hannutois,,Belgium,2,0,2,2,0,2,2,0,2,0,0,0
11493,Palermo Primavera,,Italy,0,3,3,0,3,3,0,3,3,0,0,0
23959,SR Almancilense,,Portugal,1,2,3,1,2,3,1,2,3,0,0,0
51571,Solières Sport,,Belgium,0,1,1,0,1,1,0,1,1,0,0,0
3826,St. Albans City,,England,0,1,1,0,1,1,0,1,1,0,0,0
41789,Zeytinburnuspor Youth,,Turkey,0,1,1,0,1,1,0,1,1,0,0,0
13419,NIVO Sparta Zaltbommel,,Netherlands,1,0,1,1,0,1,1,0,1,0,0,0
13865,GD Maputo,,Mozambique,0,1,1,0,1,1,0,1,1,0,0.017637,0.017637
50659,PT Prachuap FC,,Thailand,1,0,1,1,0,1,1,0,1,0,0,0
50258,Varesina Calcio,,Italy,0,1,1,0,1,1,0,1,1,0,0,0
22066,Olé Brasil Futebol Clube (SP),,Brazil,1,0,1,2,0,2,1,0,1,0,0,0
57764,Kafue Celtic FC,,Zambia,0,1,1,0,1,1,0,1,1,0,0,0
32314,KFC Komarno,,Slovakia,1,1,2,1,1,2,1,1,2,0,0,0
27165,Dunaújváros PASE,,Hungary,0,1,1,0,1,1,0,1,1,0,0,0
32037,Associação Esportiva Velo Clube Rioclare,,Brazil,1,0,1,1,0,1,1,0,1,0,0,0
34880,NK Viljevo,,Croatia,1,0,1,1,0,1,1,0,1,0,0,0
15378,Club Sportivo Italiano,,Argentina,1,0,1,1,0,1,1,0,1,0,0,0
8386,SS Tivoli 1919,,Italy,0,1,1,0,1,1,0,1,1,0,0,0
15632,Boldklubben Frem U19,,Denmark,0,1,1,0,1,1,0,1,1,0,0,0
55366,SC Bocognano Gravona,,France,1,0,1,1,0,1,1,0,1,0,0,0
41817,CR de Ferreira de Aves,,Portugal,0,1,1,0,1,1,0,1,1,0,0,0
12335,Solihull Moors,,England,0,2,2,0,2,2,0,2,2,0,0,0
46815,SK Cesky Brod,,Czech Republic,0,1,1,0,1,1,0,1,1,0,0,0
34826,Semen Padang FC,,Indonesia,1,0,1,1,0,1,1,0,1,0,0,0
7209,ABC Futebol Clube (RN),,Brazil,1,4,5,1,4,5,1,4,5,0,0,0
997,Lüner SV,,Germany,1,0,1,1,0,1,1,0,1,0,0,0
11571,GDRC Social Lamas,,Portugal,0,1,1,0,1,1,0,1,1,0,0,0
15581,Vitória Guimarães SC U19,,Portugal,0,1,1,0,1,1,0,1,1,0,0,0
49590,Anamur Belediyespor,,Turkey,0,1,1,0,1,1,0,1,1,0,0,0
31134,Hapoel Ramat haSharon,,Israel,1,2,3,1,2,3,1,2,3,0,0,0
18981,FK Admira Praha,,Czech Republic,1,2,3,1,2,3,1,2,3,0,0,0
46581,US Lormont,,France,1,0,1,1,0,1,1,0,1,0,0,0
4469,TuS FC Arnfels,,Austria,1,0,1,1,0,1,1,0,1,0,0,0
20418,ASV DWV Amsterdam,,Netherlands,0,1,1,0,1,1,0,1,1,0,0,0
42952,Ebes KKSE,,Hungary,1,0,1,1,0,1,1,0,1,0,0,0
21852,Bluebell United AFC,,Ireland,1,0,1,1,0,1,1,0,1,0,0,0
11105,NK Oriolik,,Croatia,2,0,2,2,0,2,2,0,2,0,0,0
41345,AS Rigas Fereos,,Greece,1,0,1,1,0,1,1,0,1,0,0,0
25638,SR Saint-Dié,,France,1,0,1,1,0,1,1,0,1,0,0,0
12444,Znamya Truda Orekhovo-Zuevo,,Russia,0,1,1,0,1,1,0,1,1,0,0,0
24974,Yednist Plysky,,Ukraine,1,1,2,1,1,2,1,1,2,0,0,0
19801,SV Hundsheim,,Austria,1,1,2,1,1,2,1,1,2,0,0,0
2274,BNZ Burgenland U19,,Austria,0,2,2,0,3,3,0,2,2,0,0,0
13238,SD Noja,,Spain,2,0,2,2,0,2,2,0,2,0,0,0
50528,Kafa Feodosia,,Russia,1,0,1,1,0,1,1,0,1,0,0,0
32713,SV Deltasport Vlaardingen,,Netherlands,1,0,1,1,0,1,1,0,1,0,0,0
31044,Cuoiovaldarno,,Italy,1,0,1,1,0,1,1,0,1,0,0,0
26743,CD Costa do Sol,,Mozambique,1,0,1,1,0,1,1,0,1,0,0,0
19956,América Futebol Clube (SE),,Brazil,1,0,1,1,0,1,1,0,1,0,0,0
11610,Las Palmas Atlético,,Spain,1,0,1,1,0,1,1,0,1,0,0,0
9981,SDC Putten,,Netherlands,1,0,1,1,0,1,1,0,1,0,0,0
54331,FC Lausanne-Sport U19,,Switzerland,0,1,1,0,1,1,0,1,1,0,0,0
26097,Gsd Nuova Tor Tre Teste,,Italy,0,1,1,0,1,1,0,1,1,0,0,0
13322,UD Horadada,,Spain,0,1,1,0,1,1,0,1,1,0,0,0
70135,FC Serednie,,Ukraine,0,1,1,0,1,1,0,1,1,0,0,0
32138,Castiadas Calcio 1973,,Italy,1,0,1,1,0,1,1,0,1,0,0,0
36862,FC Slovan Rosice,,Czech Republic,2,1,3,2,1,3,2,1,3,0,0,0
24985,Vittoriosa Stars FC,,Malta,1,0,1,1,0,1,1,0,1,0,0,0
11066,FK Sloboda Uzice,,Serbia,1,2,3,1,2,3,1,2,3,0,0,0
393,SpVgg Greuther Fürth II,,Germany,0,1,1,0,1,1,0,1,1,0,0,0
36473,Aquidauanense Futebol Clube (MS),,Brazil,1,0,1,1,0,1,1,0,1,0,0,0
33244,FShM Torpedo Moskau U19,,Russia,0,1,1,0,1,1,0,1,1,0,0,0
4310,Blyth Spartans AFC,,England,1,0,1,2,0,2,1,0,1,0,0,0
49749,AO Livatho,,Greece,1,0,1,1,0,1,1,0,1,0,0,0
19124,Club Sportivo San Lorenzo,,Paraguay,1,0,1,1,0,1,1,0,1,0,0,0
4399,FC Blau-Weiß Feldkirch,,Austria,1,0,1,2,0,2,1,0,1,0,0,0
15066,Hércules CF B,,Spain,1,2,3,1,2,3,1,2,3,0,0,0
22892,Bolívar La Paz U20,,Bolivia,0,1,1,0,1,1,0,1,1,0,0,0
15831,Selangor FA,,Malaysia,1,0,1,1,0,1,1,0,1,0,0,0
22411,Eleven Wise Sekondi,,Ghana,1,0,1,1,0,1,1,0,1,0,0,0
28577,US Ouakam,,Senegal,0,2,2,0,2,2,0,2,2,0,0.024752,0.024752
35967,AS Roccella 1935,,Italy,1,0,1,1,0,1,1,0,1,0,0,0
30024,NK Sloga Gredelj Zagreb,,Croatia,0,1,1,0,1,1,0,1,1,0,0,0
14188,Mukura Victory Sports FC,,Rwanda,0,1,1,0,1,1,0,1,1,0,0,0
12429,Saturn 2 Ramenskoe,,Russia,1,0,1,1,0,1,1,0,1,0,0,0
859,AC Merlan Lome,,Togo,0,1,1,0,1,1,0,1,1,0,0.012014,0.012014
7750,SSV Ulm 1846 U19,,Germany,0,1,1,0,1,1,0,1,1,0,0,0
11050,SV Zweckel,,Germany,0,1,1,0,1,1,0,1,1,0,0,0
4396,SK Eintracht Wels,,Austria,1,0,1,1,0,1,1,0,1,0,0,0
3831,Coleraine FC,,Northern Ireland,0,1,1,0,1,1,0,1,1,0,0,0
31122,Iskenderunspor 1967,,Turkey,0,1,1,0,1,1,0,1,1,0,0,0
20302,Roda JC Kerkrade U21,,Netherlands,2,1,3,2,1,3,2,1,3,0,0,0
31607,UFK Lviv,,Ukraine,0,1,1,0,1,1,0,1,1,0,0,0
16181,AS Trencin U19,,Slovakia,0,1,1,0,1,1,0,1,1,0,0.184672,0.184672
18935,Al-Watani,,Saudi Arabia,1,0,1,1,0,1,1,0,1,0,0,0
21487,AS Douanes (Lomé),,Togo,0,1,1,0,1,1,0,1,1,0,0,0
3533,FCM Bacau,,Romania,0,1,1,0,1,1,0,1,1,0,0,0
15414,Sportivo Belgrano (San Francisco),,Argentina,2,0,2,2,0,2,2,0,2,0,0,0
37758,Sheffield Wednesday U23,,England,0,1,1,0,1,1,0,1,1,0,0,0
35672,NK Sloga Ljubuski,,Bosnia-Herzegovina,1,0,1,1,0,1,1,0,1,0,0,0
14029,UD Villa de Santa Brígida,,Spain,0,1,1,0,1,1,0,1,1,0,0,0
59631,SK Zbraslav,,Czech Republic,1,0,1,1,0,1,1,0,1,0,0,0
25606,NK Krajisnik,,Bosnia-Herzegovina,0,1,1,0,1,1,0,1,1,0,0,0
3151,Ports Authority FC,,Sierra Leone,0,1,1,0,1,1,0,1,1,0,0,0
31124,NK Panonija Peteranec,,Croatia,1,0,1,1,0,1,1,0,1,0,0,0
670,Toronto Lynx,,Canada,1,1,2,1,1,2,1,1,2,0,0,0
10003,AS Poissy,,France,0,1,1,0,1,1,0,1,1,0,0,0
38541,Almopos Arideas,,Greece,2,0,2,2,0,2,2,0,2,0,0,0
18345,WSG Wietersdorf,,Austria,1,0,1,1,0,1,1,0,1,0,0,0
48979,Panthiraikos AO,,Greece,1,0,1,1,0,1,1,0,1,0,0,0
35456,AO Kymis,,Greece,0,1,1,0,2,2,0,1,1,0,0,0
45041,Thyella Filota,,Greece,1,0,1,1,0,1,1,0,1,0,0,0
4654,FK Zvezdara,,Serbia,2,2,4,2,2,4,2,2,4,0,0,0
7462,NAC Breda U19,,Netherlands,1,1,2,1,1,2,1,1,2,0,0,0
11047,FK Vlasina Vlasotince,,Serbia,0,1,1,0,1,1,0,1,1,0,0,0
34499,US Pianese,,Italy,0,1,1,0,1,1,0,1,1,0,0,0
32018,Song Lam Nghe An FC,,Vietnam,1,0,1,1,0,1,1,0,1,0,0,0
41746,Juventude de Pedras Salgadas,,Portugal,1,1,2,1,3,4,1,1,2,0,0,0
55687,Clube Desportivo Sete de Setembro (MS),,Brazil,0,1,1,0,1,1,0,1,1,0,0,0
22075,Mladost Antin,,Croatia,1,1,2,1,1,2,1,1,2,0,0,0
51510,ASD Comprensorio Casalnuovese,,Italy,1,0,1,1,0,1,1,0,1,0,0,0
26709,Alphense Boys,,Netherlands,2,1,3,3,1,4,2,1,3,0,0,0
53450,SK Babite,,Latvia,1,0,1,1,0,1,1,0,1,0,0,0
26764,AEL Limassol U21,,Cyprus,1,0,1,1,0,1,1,0,1,0,0,0
9370,AmaZulu FC,,South Africa,0,1,1,0,1,1,0,1,1,0,0,0
640,SDO Bussum,,Netherlands,1,0,1,1,0,1,1,0,1,0,0,0
26629,Al Markhiya Sports Club,,Qatar,2,0,2,2,0,2,2,0,2,0,0,0
23070,Stalybridge Celtic FC II,,England,1,0,1,1,0,1,1,0,1,0,0,0
39429,Gimpo Citizen FC,,"Korea, South",1,0,1,1,0,1,1,0,1,0,0,0
22654,Santa Helena Esporte Clube (GO),,Brazil,0,1,1,0,1,1,0,1,1,0,0,0
35110,Hapoel Afula,,Israel,0,1,1,0,1,1,0,1,1,0,0,0
46484,West African Football Academy,,Ghana,0,1,1,0,1,1,0,1,1,0,0,0
46147,CD Barco,,Spain,0,1,1,0,1,1,0,1,1,0,0,0
40531,Calcio Valcalepio,,Italy,1,0,1,1,0,1,1,0,1,0,0,0
12277,Stade Malien,,Mali,1,1,2,1,1,2,1,1,2,0,0,0
31273,Gostaresh Foolad FC,,Iran,1,0,1,1,0,1,1,0,1,0,0,0
46337,Pineto Calcio,,Italy,1,0,1,1,0,1,1,0,1,0,0,0
34109,Juventude Clube Aljezurense,,Portugal,1,0,1,1,0,1,1,0,1,0,0,0
12896,CE Mataró,,Spain,1,1,2,1,1,2,1,1,2,0,0,0
3824,Dorchester Town,,England,1,0,1,1,0,1,1,0,1,0,0,0
15758,Real Estelí FC,,Nicaragua,0,1,1,0,1,1,0,1,1,0,0,0
4301,FK White Star,,Austria,1,0,1,1,0,1,1,0,1,0,0,0
2602,INF Clairefontaine,,France,0,1,1,0,1,1,0,1,1,0,0,0
22890,Ekenäs IF,,Finland,0,1,1,0,1,1,0,1,1,0,0,0
36038,NK Vatrogasac Zdenci,,Croatia,1,0,1,1,0,1,1,0,1,0,0,0
29134,Chongqing Dangdai Lifan Reserves,,China,0,1,1,0,1,1,0,1,1,0,0,0
12407,Stilon Gorzow Wielkopolski,,Poland,1,0,1,1,0,1,1,0,1,0,0,0
50358,ASD Lanusei Calcio,,Italy,0,1,1,0,1,1,0,1,1,0,0,0
1471,DJK Vilzing,,Germany,0,1,1,0,1,1,0,1,1,0,0,0
7722,Fontenay-Foot-Vendée,,France,1,0,1,1,0,1,1,0,1,0,0,0
40813,US Dro,,Italy,1,1,2,1,1,2,1,1,2,0,0,0
37176,Renaissance de Berkane,,Morocco,1,0,1,1,0,1,1,0,1,0,0,0
12697,UE Sant Andreu,,Spain,0,1,1,0,1,1,0,1,1,0,0,0
12409,Mochos,,Greece,1,0,1,1,0,1,1,0,1,0,0,0
32047,NK Ivancica Ivanec,,Croatia,0,1,1,0,1,1,0,1,1,0,0,0
486,Malutron Esporte Clube (PR),,Brazil,0,1,1,0,1,1,0,1,1,0,0,0
35012,FC Chambly,,France,1,0,1,1,0,1,1,0,1,0,0,0
275,FSV Zwickau,,Germany,1,1,2,1,1,2,1,1,2,0,0,0
18139,SV Feldkirchen/Graz,,Austria,1,0,1,1,0,1,1,0,1,0,0,0
22431,Stal Mielec,,Poland,1,0,1,1,0,1,1,0,1,0,0,0
11036,NK Osijek U19,,Croatia,0,1,1,0,1,1,0,1,1,0,0.025641,0.025641
7672,K TSV Lyra,,Belgium,1,0,1,1,0,1,1,0,1,0,0,0
28887,Chojniczanka Chojnice,,Poland,3,0,3,3,0,3,3,0,3,0,0,0
26257,SK Horovice,,Czech Republic,1,0,1,1,0,1,1,0,1,0,0,0
10873,FC Girondins Bordeaux U19,,France,0,1,1,0,1,1,0,1,1,0,0,0
28488,Paraná Soccer Technical Center (PR),,Brazil,1,0,1,1,0,1,1,0,1,0,0,0
46485,Red Bull Brasil U20,,Brazil,0,1,1,0,1,1,0,1,1,0,0,0
5784,Aarhus Fremad,,Denmark,0,1,1,0,1,1,0,1,1,0,0,0
4955,SC Wiedenbrück,,Germany,0,2,2,0,2,2,0,2,2,0,0.00495,0.00495
14600,NK Jadran Kastel Sucurac,,Croatia,1,1,2,1,1,2,1,1,2,0,0,0
21604,S.E.R.C. Brasil Farroupilha (RS),,Brazil,1,0,1,1,0,1,1,0,1,0,0,0
3857,A.B.Kizilcahamam Belediyespor,,Turkey,1,1,2,1,1,2,1,1,2,0,0,0
33513,Vataniakos Katerini U20,,Greece,0,1,1,0,1,1,0,1,1,0,0,0
37577,AEZ Zakakiou,,Cyprus,1,0,1,2,0,2,1,0,1,0,0,0
37952,Derince Spor,,Turkey,0,1,1,0,1,1,0,1,1,0,0,0
51031,Polisportiva Bucinese,,Italy,1,0,1,1,0,1,1,0,1,0,0,0
32305,NK Halubjan Viskovo,,Croatia,1,0,1,1,0,1,1,0,1,0,0,0
4935,NK Korotan Prevalje,,Slovenia,0,3,3,0,3,3,0,3,3,0,0,0
7450,GVV Unitas,,Netherlands,1,0,1,1,0,1,1,0,1,0,0,0
33139,VV Zwaluwen Vlaardingen,,Netherlands,0,1,1,0,1,1,0,1,1,0,0,0
2552,SSV Jahn Regensburg II,,Germany,0,1,1,0,1,1,0,1,1,0,0,0
26206,Central Coast Mariners U21,,Australia,0,1,1,0,1,1,0,1,1,0,0,0
33060,ZSKA 2 Kiew,,Ukraine,0,2,2,0,2,2,0,2,2,0,0,0
8457,Shonan Bellmare,,Japan,1,1,2,1,1,2,1,1,2,0,0,0
31121,US Canzese,,Italy,1,0,1,1,0,1,1,0,1,0,0,0
6922,Liverpool FC U18,,England,1,1,2,1,1,2,1,1,2,0,0.05814,0.05814
25769,SD Guanacasteca,,Costa Rica,0,1,1,0,1,1,0,1,1,0,0,0
16540,CD Villanueva,,Spain,1,0,1,1,0,1,1,0,1,0,0,0
11966,NK Ivancna Gorica,,Slovenia,0,1,1,0,1,1,0,1,1,0,0,0
23170,Club Rubio Ñú (Asunción),,Paraguay,1,0,1,1,0,1,1,0,1,0,0,0
23217,Kadji Sports Academy,,Cameroon,0,1,1,0,1,1,0,1,1,0,0.052632,0.052632
18258,Exeter City U18,,England,0,1,1,0,1,1,0,1,1,0,0.126047,0.126047
19585,Al Kharitiyat Sports Club,,Qatar,3,3,6,3,3,6,3,3,6,0,0,0
38701,NFC Orlandina,,Italy,1,0,1,1,0,1,1,0,1,0,0,0
28025,Grêmio Esportivo Osasco (SP),,Brazil,0,1,1,0,1,1,0,1,1,0,0,0
4308,SD Croatia Berlin,,Germany,1,0,1,1,0,1,1,0,1,0,0,0
52950,FK Lyubertsy,,Russia,0,1,1,0,1,1,0,1,1,0,0,0
31631,St. Andrews FC,,Malta,0,1,1,0,1,1,0,1,1,0,0,0
14482,Hull City U18,,England,1,0,1,1,0,1,1,0,1,0,0,0
51210,Sant'Omero Palmense,,Italy,0,1,1,0,1,1,0,1,1,0,0.028571,0.028571
22771,Guisborough Town FC,,England,1,0,1,1,0,1,1,0,1,0,0,0
65711,Club San Ignacio,,Spain,2,0,2,2,0,2,2,0,2,0,0,0
24837,Guanabara Esporte Clube (RJ),,Brazil,1,0,1,1,0,1,1,0,1,0,0,0
9837,Redditch United,,England,1,0,1,1,0,1,1,0,1,0,0,0
30660,Szeged 2011 - GA,,Hungary,0,1,1,0,1,1,0,1,1,0,0,0
64371,VV Nieuwerkerken,,Belgium,1,0,1,1,0,1,1,0,1,0,0,0
3546,Thouars Foot 79,,France,0,1,1,0,1,1,0,1,1,0,0,0
33165,London City SC,,Canada,0,1,1,0,1,1,0,1,1,0,0,0
15590,HFC Haarlem U19,,Netherlands,0,1,1,0,1,1,0,1,1,0,0,0
20784,FC Licartovce,,Slovakia,1,1,2,1,1,2,1,1,2,0,0,0
39026,HNK Djakovo Croatia,,Croatia,1,1,2,1,1,2,1,1,2,0,0,0
4587,Aris Soudas,,Greece,0,2,2,0,2,2,0,2,2,0,0,0
15521,Lechia Gdansk U19,,Poland,0,1,1,0,1,1,0,1,1,0,0,0
9817,US Sénart-Moissy,,France,1,0,1,1,0,1,1,0,1,0,0,0
12040,Amur-2010 Blagovestchensk,,Russia,1,0,1,1,0,1,1,0,1,0,0,0
20637,1.FC Tatran Presov B,,Slovakia,0,1,1,0,2,2,0,1,1,0,0,0
19856,Maccabi Tel Aviv U19,,Israel,0,1,1,0,1,1,0,1,1,0,0,0
29817,Ikonomos Tsaritsanis,,Greece,2,1,3,3,1,4,2,1,3,0,0,0
28262,Juazeiro Empreendimentos Esportivos (CE),,Brazil,1,1,2,1,1,2,1,1,2,0,0,0
15130,Coritiba Foot Ball Club B,,Brazil,1,0,1,1,0,1,1,0,1,0,0,0
26890,Étoile Lusitana,,Senegal,0,1,1,0,1,1,0,1,1,0,0,0
35433,Kampaniakos,,Greece,1,0,1,1,0,1,1,0,1,0,0,0
42938,Redhill FC,,England,1,0,1,1,0,1,1,0,1,0,0,0
27695,Stade Auxerre,,France,1,0,1,1,0,1,1,0,1,0,0,0
18310,Jong AGOVV Apeldoorn,,Netherlands,1,0,1,1,0,1,1,0,1,0,0,0
18015,Nîmes Olympique B,,France,1,0,1,1,0,1,1,0,1,0,0,0
14583,CD Atlético Huila,,Colombia,2,1,3,2,1,3,2,1,3,0,0,0
16666,Clube de Regatas do Flamengo B,,Brazil,1,0,1,1,0,1,1,0,1,0,0,0
15904,Ferencvárosi TC U19,,Hungary,0,1,1,0,1,1,0,1,1,0,0,0
19658,NK Sokol Velika Ludina,,Croatia,1,0,1,1,0,1,1,0,1,0,0,0
20607,AFC Nove Mesto nad Vahom,,Slovakia,1,0,1,1,0,1,1,0,1,0,0,0
11585,Stal Sanok,,Poland,0,1,1,0,1,1,0,1,1,0,0,0
5792,Boldklubben Skjold,,Denmark,1,0,1,1,0,1,1,0,1,0,0,0
18540,Atromitos Geroskipou,,Cyprus,1,1,2,1,1,2,1,1,2,0,0,0
31948,Ivoire Academie,,Cote d'Ivoire,0,1,1,0,1,1,0,1,1,0,0,0
43089,Chuncheon FC,,"Korea, South",0,1,1,0,1,1,0,1,1,0,0,0
24349,La Fiorita 1967,,San Marino,0,1,1,0,1,1,0,1,1,0,0,0
14444,HNK Rijeka U19,,Croatia,0,1,1,0,1,1,0,1,1,0,0,0
10875,Bröndby IF Youth,,Denmark,0,1,1,0,1,1,0,1,1,0,0,0
21588,Ethnikos Katerinis,,Greece,1,1,2,1,1,2,1,1,2,0,0,0
4954,AKA Sturm Graz U19,,Austria,0,1,1,0,1,1,0,1,1,0,0,0
16646,UP Langreo,,Spain,1,0,1,1,0,1,1,0,1,0,0,0
25070,FK Sopot Belgrad,,Serbia,0,2,2,0,2,2,0,2,2,0,0.012987,0.012987
38787,Juventus Atlético Clube de Santa Rosa,,Brazil,1,0,1,1,0,1,1,0,1,0,0,0
8673,LKS Lomza,,Poland,1,0,1,1,0,1,1,0,1,0,0,0
4286,Limerick FC,,Ireland,1,1,2,1,1,2,1,1,2,0,0,0
10532,B36 Tórshavn,,Faroe Island,1,0,1,1,0,1,1,0,1,0,0,0
29434,Reggiana Giovanili,,Italy,1,0,1,1,0,1,1,0,1,0,0,0
1731,TJ Jiskra Rymarov,,Czech Republic,1,0,1,1,0,1,1,0,1,0,0,0
49198,Water FC,,Nigeria,0,1,1,0,1,1,0,1,1,0,0,0
23378,FK Banik Ruzina,,Slovakia,0,1,1,0,1,1,0,1,1,0,0,0
5699,Odra Opole,,Poland,2,0,2,2,0,2,2,0,2,0,0,0
1483,Germania Teveren,,Germany,1,0,1,2,0,2,1,0,1,0,0,0
28704,Létavértes SC 97,,Hungary,0,1,1,0,1,1,0,1,1,0,0,0
7793,Seixal FC,,Portugal,1,0,1,1,0,1,1,0,1,0,0,0
15122,Nart Cherkessk,,Russia,1,0,1,1,0,1,1,0,1,0,0,0
27291,Telefonat Beni Suef,,Egypt,1,0,1,1,0,1,1,0,1,0,0,0
6486,FK Hvezda Cheb,,Czech Republic,1,0,1,1,0,1,1,0,1,0,0,0
37459,NK Zrinski Ozalj,,Croatia,0,1,1,0,1,1,0,1,1,0,0,0
2208,1.FC Pilsen,,Czech Republic,0,1,1,0,1,1,0,1,1,0,0,0
12801,Wolverhampton Wanderers U18,,England,0,1,1,0,1,1,0,1,1,0,0.127846,0.127846
15845,NK Hrvatski Dragovoljac U19,,Croatia,0,3,3,0,3,3,0,3,3,0,0,0
11019,Richmond SC,,Australia,1,0,1,1,0,1,1,0,1,0,0,0
51017,SSCD Granata 1924,,Italy,1,0,1,1,0,1,1,0,1,0,0,0
2057,FC Wangen bei Olten,,Switzerland,0,1,1,0,1,1,0,1,1,0,0,0
24537,Union Pregarten,,Austria,1,0,1,1,0,1,1,0,1,0,0,0
7384,SC Austria Lustenau II,,Austria,1,0,1,1,0,1,1,0,1,0,0,0
2975,Tourcoing FC,,France,0,1,1,0,1,1,0,1,1,0,0,0
4552,AC Palazzolo,,Italy,1,0,1,1,0,1,1,0,1,0,0,0
23216,FCE Merignac-Arlac,,France,1,0,1,1,0,1,1,0,1,0,0,0
8612,Ruch Wysokie Mazowieckie,,Poland,1,0,1,1,0,1,1,0,1,0,0,0
1712,FC Memmingen,,Germany,0,1,1,0,1,1,0,1,1,0,0,0
5733,Nyköbing FC,,Denmark,1,0,1,1,0,1,1,0,1,0,0,0
24896,Hong Kong Pegasus FC,,Hongkong,1,0,1,1,0,1,1,0,1,0,0,0
16222,AD Limianos,,Portugal,1,1,2,1,1,2,1,1,2,0,0,0
2263,Eintracht Bad Kreuznach,,Germany,1,0,1,2,0,2,1,0,1,0,0,0
28185,CD Cruz Azul Hidalgo,,Mexico,1,0,1,1,0,1,1,0,1,0,0,0
13950,Nam Dinh FC,,Vietnam,0,1,1,0,1,1,0,1,1,0,0,0
20777,Mostransgaz Gazoprovod,,Russia,0,1,1,0,1,1,0,1,1,0,0,0
61644,Al-Kawkb Club,,Saudi Arabia,0,1,1,0,1,1,0,1,1,0,0,0
43067,Machitis Terpsitheas,,Greece,0,1,1,0,1,1,0,1,1,0,0,0
6179,RJS Bas-Oha,,Belgium,1,0,1,1,0,1,1,0,1,0,0,0
12822,CD Dénia,,Spain,1,0,1,1,0,1,1,0,1,0,0,0
4636,Iraklis Ptolemaidas,,Greece,0,1,1,0,1,1,0,1,1,0,0,0
18590,ATSV Sattledt,,Austria,0,1,1,0,1,1,0,1,1,0,0,0
27564,US Forcoli 1921,,Italy,1,0,1,1,0,1,1,0,1,0,0,0
19015,CAFC Zidenice,,Czech Republic,0,1,1,0,1,1,0,1,1,0,0,0
7477,Miramar Misiones,,Uruguay,2,0,2,2,0,2,2,0,2,0,0,0
2205,ES Zarzis,,Tunisia,0,1,1,0,1,1,0,1,1,0,0.105263,0.105263
37973,Sandiklispor,,Turkey,0,1,1,0,1,1,0,1,1,0,0,0
11228,Carolina RailHawks FC,,United States,1,0,1,1,0,1,1,0,1,0,0,0
27662,FC Sambiase Calcio,,Italy,1,0,1,1,0,1,1,0,1,0,0,0
50547,Sona M. Mazza,,Italy,1,0,1,1,0,1,1,0,1,0,0,0
25267,US Le Pontet,,France,2,0,2,2,0,2,2,0,2,0,0,0
14649,Boyacá Chicó FC,,Colombia,1,0,1,1,0,1,1,0,1,0,0,0
14321,FC Barcelona U17,,Spain,0,1,1,0,1,1,0,1,1,0,0.853801,0.853801
20960,CD Plaza Amador,,Panama,1,0,1,1,0,1,1,0,1,0,0,0
21966,RKSV Nuenen,,Netherlands,1,0,1,1,0,1,1,0,1,0,0,0
25922,AC Sangiustese,,Italy,0,1,1,0,1,1,0,1,1,0,0,0
387,SC Westfalia Herne,,Germany,0,2,2,0,2,2,0,2,2,0,0.002469,0.002469
23766,Petrolofisi,,Turkey,0,2,2,0,2,2,0,2,2,0,0,0
10738,Lions F.C. Natitingou,,Benin,1,0,1,1,0,1,1,0,1,0,0,0
13905,FC Zlin B,,Czech Republic,0,1,1,0,1,1,0,1,1,0,0,0
49038,SV Vatanspor Aschaffenburg,,Germany,1,0,1,1,0,1,1,0,1,0,0,0
12860,Kücükcekmecespor,,Turkey,0,1,1,0,1,1,0,1,1,0,0,0
25372,AS Fortuna du Mfou,,Cameroon,0,1,1,0,1,1,0,1,1,0,0,0
18236,Sousa Esporte Clube (PB),,Brazil,1,0,1,1,0,1,1,0,1,0,0,0
10113,VVV-Venlo/Helmond Sport U21,,Netherlands,0,1,1,0,1,1,0,1,1,0,0,0
24370,TOP Oss II,,Netherlands,1,0,1,1,0,1,1,0,1,0,0,0
62057,SESA Football Academy,,India,0,1,1,0,1,1,0,1,1,0,0,0
9535,AS Aviação,,Angola,0,1,1,0,1,1,0,1,1,0,0,0
12944,Sant'Antonio Abate,,Italy,1,0,1,1,0,1,1,0,1,0,0,0
1381,FSV Erlangen-Bruck,,Germany,1,0,1,1,0,1,1,0,1,0,0,0
25716,Fujieda MYFC,,Japan,1,0,1,1,0,1,1,0,1,0,0,0
53645,PFK Prykarpattia Ivano-Frankivsk,,Ukraine,0,1,1,0,1,1,0,1,1,0,0,0
4699,BFC Germania 1888,,Germany,0,1,1,0,1,1,0,1,1,0,0,0
37354,Njalla Quan Sport Academy,,Cameroon,0,1,1,0,1,1,0,1,1,0,0,0
26331,Varese Juniores,,Italy,0,2,2,0,2,2,0,2,2,0,0,0
32780,Football Club Calvi,,France,1,0,1,1,0,1,1,0,1,0,0,0
23129,NK Dilj Vinkovci,,Croatia,0,1,1,0,2,2,0,1,1,0,0,0
12971,Arema FC,,Indonesia,1,0,1,1,0,1,1,0,1,0,0,0
12176,CD El Palo,,Spain,1,0,1,1,0,1,1,0,1,0,0,0
35756,NK Podravec Torcec,,Croatia,1,0,1,1,0,1,1,0,1,0,0,0
21285,Police United,,Thailand,1,0,1,1,0,1,1,0,1,0,0,0
58108,AFK Tisnov,,Czech Republic,1,0,1,2,0,2,1,0,1,0,0,0
14010,SV St. Margarethen,,Austria,1,0,1,1,0,1,1,0,1,0,0,0
37279,AE Katsamba,,Greece,1,0,1,1,0,1,1,0,1,0,0,0
18457,FE Figueres,,Spain,0,1,1,0,1,1,0,1,1,0,0,0
10617,SP Tre Fiori,,San Marino,1,0,1,1,0,1,1,0,1,0,0,0
3488,Excelsior Mouscron U19,,Belgium,0,2,2,0,2,2,0,2,2,0,0,0
11747,Krylya Sovetov Samara II,,Russia,1,0,1,1,0,1,1,0,1,0,0,0
21849,Esporte Clube Ipitanga Bahia (BA),,Brazil,0,1,1,0,1,1,0,1,1,0,0,0
23989,1.Jugend-Fußball-Schule Köln,,Germany,0,1,1,0,1,1,0,1,1,0,0,0
70730,Honam University,,"Korea, South",0,1,1,0,1,1,0,1,1,0,0,0
9256,Middlesbrough FC U21,,England,0,2,2,0,2,2,0,2,2,0,0,0
18967,Laugaricio Trencin,,Czech Republic,1,0,1,1,0,1,1,0,1,0,0,0
14768,NK Polet Busevec,,Croatia,2,0,2,2,0,2,2,0,2,0,0,0
3227,UCLA Bruins (Univ. of California Los Angeles),,United States,0,2,2,0,2,2,0,2,2,0,0.217391,0.217391
13641,Akademia Dimitrovgrad,,Russia,1,1,2,1,2,3,1,1,2,0,0.236842,0.236842
18751,MSK Zilina U19,,Slovakia,0,1,1,0,1,1,0,1,1,0,0,0
18030,NK Domzale U19,,Slovenia,0,1,1,0,1,1,0,1,1,0,0,0
22175,Roasso Kumamoto,,Japan,0,1,1,0,1,1,0,1,1,0,0,0
30891,Tarbes Pyrénées Football,,France,2,1,3,2,1,3,2,1,3,0,0,0
63319,Pleudihen-sur-Rance,,France,1,0,1,1,0,1,1,0,1,0,0,0
40090,FK Kauno Zalgiris,,Lithuania,1,1,2,1,1,2,1,1,2,0,0,0
4662,Remont Cacak,,Serbia,0,1,1,0,1,1,0,1,1,0,0,0
11335,FC Adelaide City,,Australia,0,1,1,0,1,1,0,1,1,0,0,0
21717,Iskra-Stali Ribnita,,Moldova,0,1,1,0,1,1,0,1,1,0,0,0
19215,PFC Minyor Pernik,,Bulgaria,1,0,1,1,0,1,1,0,1,0,0,0
12669,NK Draga,,Croatia,1,0,1,1,0,1,1,0,1,0,0,0
13092,Kercem Ajax FC,,Malta,0,1,1,0,1,1,0,1,1,0,0,0
21580,FC Türkiye Wilhelmsburg,,Germany,1,0,1,1,0,1,1,0,1,0,0,0
6928,Tottenham Hotspur U18,,England,0,1,1,0,1,1,0,1,1,0,0,0
30058,AC Nuova Bagnolese,,Italy,0,1,1,0,1,1,0,1,1,0,0,0
25807,GD Fabril Barreiro,,Portugal,0,1,1,0,1,1,0,1,1,0,0,0
565,SV Viktoria Aschaffenburg,,Germany,1,1,2,1,1,2,1,1,2,0,0,0
8829,FSV Harthof München,,Germany,1,0,1,1,0,1,1,0,1,0,0,0
32206,Río Abajo FC,,Panama,0,1,1,0,1,1,0,1,1,0,0,0
2961,Moss FK,,Norway,1,1,2,1,1,2,1,1,2,0,0,0
35955,ASD Calcio Cerea 1912,,Italy,0,1,1,0,1,1,0,1,1,0,0,0
5647,Rostocker FC 1895,,Germany,0,1,1,0,1,1,0,1,1,0,0,0
19639,Ethnikos Filippiadas,,Greece,1,2,3,2,2,4,1,2,3,0,0,0
13351,Atlas Premier,,Mexico,1,0,1,1,0,1,1,0,1,0,0,0
50571,Mortágua FC,,Portugal,0,1,1,0,1,1,0,1,1,0,0,0
29785,ASKO Kara,,Togo,0,1,1,0,1,1,0,1,1,0,0,0
8850,MC Algier,,Algeria,3,1,4,3,1,4,3,1,4,0,0,0
43770,Sport Galaxy Dakar,,Senegal,1,0,1,1,0,1,1,0,1,0,0,0
53059,Perseman Manokwari,,Indonesia,0,1,1,0,1,1,0,1,1,0,0,0
38901,Marshall Thundering Herd (Marshall University),,United States,0,1,1,0,1,1,0,1,1,0,0,0
3786,Walton & Hersham FC,,England,0,1,1,0,1,1,0,1,1,0,0,0
3461,Larne FC,,Northern Ireland,0,1,1,0,1,1,0,1,1,0,0,0
6203,Isernia FC,,Italy,0,1,1,0,1,1,0,1,1,0,0,0
20332,SC Bad Sauerbrunn,,Austria,1,0,1,1,0,1,1,0,1,0,0,0
38205,Manchester 62 FC,,Gibraltar,1,0,1,1,0,1,1,0,1,0,0,0
9187,Rydaholm GoIF,,Sweden,0,1,1,0,1,1,0,1,1,0,0.006119,0.006119
14201,US Marseille Endoume,,France,1,0,1,1,0,1,1,0,1,0,0,0
29779,NK Granicar Djurdjevac,,Croatia,0,1,1,0,1,1,0,1,1,0,0,0
13254,Hearts of Abuja,,Nigeria,0,1,1,0,1,1,0,1,1,0,0.263158,0.263158
10200,Valencia CF U19,,Spain,0,1,1,0,1,1,0,1,1,0,0,0
5051,University AFC,,Scotland,1,0,1,1,0,1,1,0,1,0,0,0
15019,Vitória Setúbal FC U19,,Portugal,0,1,1,0,2,2,0,1,1,0,0.039303,0.039303
4759,Clube Náutico Marcílio Dias (SC),,Brazil,1,0,1,1,0,1,1,0,1,0,0,0
11590,Gernika Club,,Spain,1,0,1,1,0,1,1,0,1,0,0,0
7717,FC Issy,,France,0,2,2,0,2,2,0,2,2,0,0,0
13594,Al-Najaf FC,,Iraq,1,0,1,1,0,1,1,0,1,0,0,0
11069,NK Kamesnica Podhum,,Bosnia-Herzegovina,0,1,1,0,1,1,0,1,1,0,0,0
42153,FC Heart Academy,,Nigeria,0,1,1,0,1,1,0,1,1,0,0.039474,0.039474
2825,VVGZ Zwijndrecht,,Netherlands,1,0,1,1,0,1,1,0,1,0,0,0
8714,Carrick Rangers,,Northern Ireland,1,0,1,1,0,1,1,0,1,0,0,0
53756,Team BEJUNE U18,,Switzerland,0,1,1,0,1,1,0,1,1,0,0,0
18667,CF Atlético Ciudad,,Spain,1,0,1,1,0,1,1,0,1,0,0,0
14836,Club Atlético Newell's Old Boys II,,Argentina,0,2,2,0,2,2,0,2,2,0,0,0
46137,FC Volendam U17,,Netherlands,0,1,1,0,1,1,0,1,1,0,0,0
22597,Club Atlético Temperley U19,,Argentina,1,0,1,1,0,1,1,0,1,0,0,0
12431,Smena Komsomolsk-na-Amure,,Russia,1,1,2,1,1,2,1,1,2,0,0,0
615,SpVgg Ansbach,,Germany,1,1,2,1,1,2,1,1,2,0,0.021739,0.021739
48530,Burlingame Dragons FC,,United States,0,1,1,0,1,1,0,1,1,0,0,0
15910,Swindon Town U18,,England,0,1,1,0,1,1,0,1,1,0,0.058555,0.058555
766,SG Egelsbach,,Germany,1,0,1,1,0,1,1,0,1,0,0,0
11375,Blacktown City Demons,,Australia,0,1,1,0,1,1,0,1,1,0,0,0
68006,Hadley FC,,England,1,0,1,1,0,1,1,0,1,0,0,0
22199,Al-Hikma,,Lebanon,0,1,1,0,1,1,0,1,1,0,0.012987,0.012987
6943,Newcastle United U18,,England,0,1,1,0,1,1,0,1,1,0,0,0
2802,Airdrie United FC,,Scotland,1,0,1,1,0,1,1,0,1,0,0,0
21265,CA Monzon,,Spain,0,1,1,0,1,1,0,1,1,0,0,0
7447,FC Zell am See,,Austria,1,0,1,1,0,1,1,0,1,0,0,0
35698,NK Top Kerestinec,,Croatia,1,0,1,1,0,1,1,0,1,0,0,0
24510,SK Spartak Hulin,,Czech Republic,2,0,2,2,0,2,2,0,2,0,0,0
3372,Rochester Rhinos,,United States,1,0,1,1,0,1,1,0,1,0,0,0
13852,Corvinul Hunedoara,,Romania,0,1,1,0,1,1,0,1,1,0,0,0
6604,SC Paderborn 07 II,,Germany,1,0,1,1,0,1,1,0,1,0,0,0
35743,TJ FK Velke Revistia,,Slovakia,1,0,1,1,0,1,1,0,1,0,0,0
17584,CD Universidad Católica,,Ecuador,1,0,1,1,0,1,1,0,1,0,0,0
11257,UD Galdar,,Spain,0,1,1,0,1,1,0,1,1,0,0,0
6452,Svetogorets Svetogorsk,,Russia,0,1,1,0,1,1,0,1,1,0,0,0
15943,Arsenal Fútbol Club II,,Argentina,1,0,1,1,0,1,1,0,1,0,0,0
15613,FK Buducnost Valjevo,,Serbia,1,0,1,1,0,1,1,0,1,0,0,0
6075,Moghavemat Shahid Sepasi,,Iran,0,1,1,0,1,1,0,1,1,0,0,0
3340,SC Estrela Portalegre,,Portugal,0,1,1,0,1,1,0,1,1,0,0,0
33380,TF Croix Daurade,,France,1,0,1,1,0,1,1,0,1,0,0,0
26621,RasenBallsport Leipzig U19,,Germany,0,2,2,0,2,2,0,2,2,0,0,0
41156,Sporting Bellinzago,,Italy,0,1,1,0,1,1,0,1,1,0,0,0
14516,ASV Steinbrunn,,Austria,1,0,1,1,0,1,1,0,1,0,0,0
7145,SV Triborgh,,Netherlands,1,0,1,1,0,1,1,0,1,0,0,0
7476,Iraklis Larisas,,Greece,0,1,1,0,1,1,0,1,1,0,0,0
21978,Kaposvölgye VSC-Nagyberki,,Hungary,1,0,1,1,0,1,1,0,1,0,0,0
43969,Achilles '12,,Netherlands,1,0,1,1,0,1,1,0,1,0,0,0
36819,US Agropoli 1921,,Italy,0,2,2,0,2,2,0,2,2,0,0,0
3527,Motor Lublin,,Poland,2,0,2,2,0,2,2,0,2,0,0,0
26242,Konkuk University,,"Korea, South",0,1,1,0,1,1,0,1,1,0,0,0
37689,FC Imabari,,Japan,0,1,1,0,1,1,0,1,1,0,0,0
3722,Hinckley United (liq.),,England,1,0,1,1,0,1,1,0,1,0,0,0
32239,NK Vinjani,,Croatia,0,1,1,0,1,1,0,1,1,0,0,0
2298,Szczakowianka Jaworzno,,Poland,0,1,1,0,1,1,0,1,1,0,0,0
2576,Fylkir Reykjavík,,Iceland,1,2,3,1,2,3,1,2,3,0,0,0
12964,SC Braga U19,,Portugal,1,1,2,1,1,2,1,1,2,0,0.135135,0.135135
34828,Istiqlol Dushanbe,,Tajikistan,2,0,2,2,0,2,2,0,2,0,0,0
2978,US Lusitanos Saint-Maur,,France,0,1,1,0,1,1,0,1,1,0,0,0
49403,Royal Excel Mouscron U17,,Belgium,0,1,1,0,1,1,0,1,1,0,0,0
18764,RUW Ciney,,Belgium,2,0,2,2,0,2,2,0,2,0,0,0
18232,Sporting Fingal,,Ireland,1,0,1,1,0,1,1,0,1,0,0,0
31621,Bel'Or Kinshasa,,DR Congo,0,1,1,0,1,1,0,1,1,0,0,0
8680,MKS Piaseczno,,Poland,0,1,1,0,1,1,0,1,1,0,0,0
34888,Salford City,,England,0,1,1,0,1,1,0,1,1,0,0,0
594,Portland Pilots (University of Portland),,United States,0,1,1,0,1,1,0,1,1,0,0,0
9228,AS Castelnuovo,,Italy,0,1,1,0,1,1,0,1,1,0,0,0
18077,CS Cerrito,,Uruguay,1,0,1,1,0,1,1,0,1,0,0,0
46854,Mérida AD,,Spain,0,2,2,0,2,2,0,2,2,0,0,0
6724,Songkhla United,,Thailand,0,1,1,0,1,1,0,1,1,0,0,0
18008,FC Tours B,,France,0,1,1,0,1,1,0,1,1,0,0,0
42308,FC Calvi Noale,,Italy,1,0,1,1,0,1,1,0,1,0,0,0
28998,FK Sevastopol II,,Ukraine,0,1,1,0,1,1,0,1,1,0,0,0
14847,Treviso Juniores,,Italy,0,1,1,0,1,1,0,1,1,0,0,0
18548,FC Illmitz,,Austria,0,1,1,0,1,1,0,1,1,0,0,0
27740,NK Slatina,,Croatia,1,0,1,1,0,1,1,0,1,0,0,0
9669,AS Monaco U19,,Monaco,0,1,1,0,1,1,0,1,1,0,0,0
18714,Avangard Podolsk,,Russia,1,0,1,1,0,1,1,0,1,0,0,0
18031,NK Maribor  U19,,Slovenia,0,1,1,0,1,1,0,1,1,0,0,0
17381,Motala AIF FK,,Sweden,1,0,1,1,0,1,1,0,1,0,0,0
2124,River Plate Ascunción,,Paraguay,0,1,1,0,1,1,0,1,1,0,0,0
10684,Rah Ahan Yazdan FC,,Iran,0,1,1,0,1,1,0,1,1,0,0.039474,0.039474
18792,AS Marsa,,Tunisia,0,1,1,0,1,1,0,1,1,0,0,0
6132,Colatina Futebol Clube (ES),,Brazil,0,1,1,0,1,1,0,1,1,0,0,0
5313,Vauban Strasbourg,,France,1,1,2,1,1,2,1,1,2,0,0,0
17028,NK NASK Nasice,,Croatia,1,0,1,1,0,1,1,0,1,0,0,0
63954,FC Barcelona C,,Spain,1,1,2,1,1,2,1,1,2,0,0,0
4503,PFK Spartak Pleven,,Bulgaria,1,0,1,1,0,1,1,0,1,0,0,0
14445,NK Zadar U19,,Croatia,0,1,1,0,1,1,0,1,1,0,0,0
59684,FK Jindrichuv Hradec,,Czech Republic,1,0,1,1,0,1,1,0,1,0,0,0
18766,Innsbrucker SK,,Austria,1,0,1,1,0,1,1,0,1,0,0,0
25659,Chukyo High School,,Japan,0,1,1,0,1,1,0,1,1,0,0,0
6074,Bargh Jadid Shiraz FC,,Iran,1,0,1,1,0,1,1,0,1,0,0,0
55013,Legion-Dinamo Makhachkala,,Russia,0,1,1,0,1,1,0,1,1,0,0,0
37358,Doxa Vyrona,,Greece,0,1,1,0,1,1,0,1,1,0,0,0
8619,VV Dijkse Boys,,Netherlands,1,0,1,1,0,1,1,0,1,0,0,0
9980,Club Atlético Zacatepec,,Mexico,0,1,1,0,1,1,0,1,1,0,0,0
22833,Spartak Chelyabinsk,,Russia,1,1,2,1,1,2,1,1,2,0,0,0
24322,AS Pyrgetos,,Greece,1,0,1,1,0,1,1,0,1,0,0,0
12140,Rot-Weiß Darmstadt,,Germany,1,0,1,1,0,1,1,0,1,0,0,0
4892,Dolcan Zabki,,Poland,0,1,1,0,1,1,0,1,1,0,0,0
15551,FK Berane,,Montenegro,2,0,2,2,0,2,2,0,2,0,0,0
22534,SSD Sangiorgese Calcio 1922,,Italy,0,1,1,0,1,1,0,1,1,0,0,0
42221,El-Kadme Academy,,Nigeria,1,0,1,1,0,1,1,0,1,0,0,0
62307,Bargh Shiraz FC,,Iran,0,1,1,0,1,1,0,1,1,0,0,0
42885,Olympiakos Neon Liosion,,Greece,1,0,1,1,0,1,1,0,1,0,0,0
61761,MFK Metalurh Zaporizhyaa,,Ukraine,1,0,1,1,0,1,1,0,1,0,0,0
19746,Mladost Backi Jarak,,Serbia,1,0,1,1,0,1,1,0,1,0,0,0
38011,CP Mérida,,Spain,0,1,1,0,1,1,0,1,1,0,0,0
7390,FC Aboomoslem,,Iran,0,1,1,0,1,1,0,1,1,0,0,0
52513,Clube Sociedade Esportiva (AL),,Brazil,0,1,1,0,1,1,0,1,1,0,0,0
31309,FK Minsk II,,Belarus,0,1,1,0,1,1,0,1,1,0,0,0
8283,Ermesinde SC 1936,,Portugal,1,0,1,1,0,1,1,0,1,0,0,0
43322,FK Borac Kozarska Dubica,,Bosnia-Herzegovina,1,0,1,1,0,1,1,0,1,0,0,0
6271,Jacareí Atlético Clube (SP),,Brazil,0,1,1,0,1,1,0,1,1,0,0,0
13337,CD Santiago Morning,,Chile,1,0,1,1,0,1,1,0,1,0,0,0
4818,Jeunesse Star,,Cameroon,0,1,1,0,1,1,0,1,1,0,0,0
27543,Rosignano Sei Rose,,Italy,0,1,1,0,1,1,0,1,1,0,0,0
3936,Dover Athletic,,England,1,0,1,1,0,1,1,0,1,0,0,0
36303,Cachoeira Futebol Clube (RS),,Brazil,0,1,1,0,1,1,0,1,1,0,0,0
54467,Al-Musannah SC,,Oman,1,0,1,1,0,1,1,0,1,0,0,0
39637,Zakho FC,,Iraq,1,0,1,1,0,1,1,0,1,0,0,0
41545,Cizrespor 2010,,Turkey,1,1,2,1,1,2,1,1,2,0,0,0
29301,Beijing BSU,,China,0,1,1,0,1,1,0,1,1,0,0,0
1292,Etoile Carouge FC,,Switzerland,1,1,2,1,1,2,1,1,2,0,0,0
3514,FC Kempten,,Germany,0,1,1,0,2,2,0,1,1,0,0,0
9858,Cincinnati Riverhawks,,United States,0,1,1,0,1,1,0,1,1,0,0,0
22587,Barcelona SC Guayaquil U20,,Ecuador,0,1,1,0,1,1,0,1,1,0,0,0
42078,Vilankulo FC,,Mozambique,1,0,1,1,0,1,1,0,1,0,0,0
21122,CD Móstoles URJC,,Spain,1,0,1,1,0,1,1,0,1,0,0,0
2450,Seven Stars,,South Africa,1,1,2,1,1,2,1,1,2,0,0,0
3641,Degerfors IF,,Sweden,0,1,1,0,1,1,0,1,1,0,0.020824,0.020824
3275,Lusitano Évora GC,,Portugal,0,1,1,0,1,1,0,1,1,0,0,0
22615,Bromsgrove Rovers FC,,England,1,0,1,1,0,1,1,0,1,0,0,0
18931,Atletico Olympic Bujumbura,,Burundi,0,1,1,0,1,1,0,1,1,0,0,0
2055,FC La Chaux-de-Fonds,,Switzerland,2,1,3,2,1,3,2,1,3,0,0,0
13466,FC Versailles,,France,0,1,1,0,1,1,0,1,1,0,0,0
9699,AKA Admira Wacker Mödling U19,,Austria,0,2,2,0,2,2,0,2,2,0,0,0
33638,GAS Svoronos,,Greece,0,1,1,0,1,1,0,1,1,0,0,0
40442,Echinos Spor,,Greece,0,1,1,0,1,1,0,1,1,0,0,0
7957,Örgryte IS U19,,Sweden,1,0,1,1,0,1,1,0,1,0,0,0
16879,Chicago Fire Premier,,United States,0,2,2,0,2,2,0,2,2,0,0,0
53770,Dilbeek Sport,,Belgium,1,1,2,1,1,2,1,1,2,0,0,0
7165,Clube União Micaelense,,Portugal,0,1,1,0,1,1,0,1,1,0,0,0
64120,RFC Rapid Symphorinois,,Belgium,1,0,1,1,0,1,1,0,1,0,0,0
10910,Blackpool Mechanics,,England,1,0,1,1,0,1,1,0,1,0,0,0
19275,SC Salgueiros U19,,Portugal,0,1,1,0,1,1,0,1,1,0,0,0
2512,FC Miesbach,,Germany,1,0,1,1,0,1,1,0,1,0,0,0
13242,CD Puertollano,,Spain,0,1,1,0,1,1,0,1,1,0,0,0
27739,NK Kalinovac,,Croatia,1,0,1,1,0,1,1,0,1,0,0,0
3320,Racing Bafoussam,,Cameroon,0,2,2,0,2,2,0,2,2,0,0,0
42239,Cheminots de Cotonou,,Benin,0,1,1,0,1,1,0,1,1,0,0,0
51851,Santa Cruz Futebol Clube (RN),,Brazil,1,0,1,1,0,1,1,0,1,0,0,0
35233,MEAP Pera Choriou Nisou,,Cyprus,0,1,1,0,1,1,0,1,1,0,0,0
11743,Luch Vladivostok II,,Russia,0,1,1,0,1,1,0,1,1,0,0,0
28835,Victoria Branesti,,Romania,1,0,1,1,0,1,1,0,1,0,0,0
10230,USV Hartberg Umgebung,,Austria,1,0,1,1,0,1,1,0,1,0,0,0
13501,Morro d'Oro Calcio,,Italy,1,0,1,1,0,1,1,0,1,0,0,0
14105,Persib Bandung,,Indonesia,1,0,1,1,0,1,1,0,1,0,0,0
40910,Cotia Futebol Clube (SP),,Brazil,0,1,1,0,1,1,0,1,1,0,0,0
28867,Sevilla FC U19,,Spain,1,0,1,1,0,1,1,0,1,0.131579,0,0.131579
9368,Free State Stars,,South Africa,0,1,1,0,1,1,0,1,1,0,0.053191,0.053191
55601,NK Rogaska,,Slovenia,1,0,1,1,0,1,1,0,1,0,0,0
9693,Fisher Athletic,,England,1,0,1,1,0,1,1,0,1,0,0,0
42666,Achilleas Kamaron,,Greece,1,0,1,1,0,1,1,0,1,0,0,0
20253,Borysfen Boryspil U19,,Ukraine,0,2,2,0,2,2,0,2,2,0,0,0
14507,East Riffa Club,,Bahrain,0,1,1,0,1,1,0,1,1,0,0,0
1906,US Rail Thies,,Senegal,1,0,1,1,0,1,1,0,1,0,0,0
31199,UFK Kharkiv,,Ukraine,0,1,1,0,1,1,0,1,1,0,0,0
19828,SV Deutsch Kaltenbrunn,,Austria,1,0,1,1,0,1,1,0,1,0,0,0
5744,Sinopspor,,Turkey,1,0,1,1,0,1,1,0,1,0,0,0
33571,Real Farma Odessa,,Ukraine,0,1,1,0,1,1,0,1,1,0,0,0
41877,FK Krnov,,Czech Republic,0,1,1,0,1,1,0,1,1,0,0,0
25644,Hafia Football Club,,Guinea,1,0,1,1,0,1,1,0,1,0,0,0
30154,KF Himara,,Albania,1,0,1,1,0,1,1,0,1,0,0,0
30421,SU Dives,,France,1,0,1,1,0,1,1,0,1,0,0,0
42838,Fußballakademie Linz U17,,Austria,0,1,1,0,1,1,0,1,1,0,0,0
22186,AC Fidenza 1922,,Italy,0,1,1,0,1,1,0,1,1,0,0,0
22688,Lowestoft Town,,England,0,1,1,0,1,1,0,1,1,0,0,0
31949,Moossou FC,,Cote d'Ivoire,0,1,1,0,1,1,0,1,1,0,0,0
34324,Missile FC,,Gabon,0,1,1,0,1,1,0,1,1,0,0,0
24991,Balestier Khalsa FC,,Singapore,1,0,1,1,0,1,1,0,1,0,0,0
72763,Club Atlético Aldosivi II,,Argentina,1,0,1,1,0,1,1,0,1,0,0,0
44922,VV UNA Onder 19,,Netherlands,1,0,1,1,0,1,1,0,1,0,0,0
23398,Logan United FC,,Australia,0,1,1,0,1,1,0,1,1,0,0,0
15107,Club Atlético Newell's Old Boys U19,,Argentina,0,1,1,0,1,1,0,1,1,0,0,0
14282,Akademia Dinamo Moscow,,Russia,0,1,1,0,1,1,0,1,1,0,0,0
2710,Kwangwoon University,,"Korea, South",0,1,1,0,1,1,0,1,1,0,0,0
34119,UD Maracena,,Spain,1,0,1,1,0,1,1,0,1,0,0,0
16683,UD Fuerteventura,,Spain,0,1,1,0,1,1,0,1,1,0,0,0
13611,Rail Club du Kadiogo,,Burkina Faso,1,0,1,1,0,1,1,0,1,0,0,0
20323,Rubin 2 Kazan,,Russia,1,0,1,1,0,1,1,0,1,0,0,0
52420,USCD Bardolino Calcio 1946,,Italy,1,0,1,1,0,1,1,0,1,0,0,0
36625,FK Ternopil,,Ukraine,1,0,1,1,0,1,1,0,1,0,0,0
18203,SV Großweikersdorf,,Austria,1,0,1,1,0,1,1,0,1,0,0,0
1170,FC Dieppe,,France,1,0,1,1,0,1,1,0,1,0,0,0
43564,KSC Lokeren II,,Belgium,0,1,1,0,1,1,0,1,1,0,0,0
26129,AEK Kouklia,,Cyprus,0,1,1,0,1,1,0,1,1,0,0,0
44368,Crossing Schaerbeek,,Belgium,0,1,1,0,1,1,0,1,1,0,0,0
67927,Al-Washm,,Saudi Arabia,1,0,1,1,0,1,1,0,1,0,0,0
9649,Hershey Wildcats,,United States,1,0,1,1,0,1,1,0,1,0,0,0
6367,City Sharks,,South Africa,0,1,1,0,1,1,0,1,1,0,0,0
27913,Berekum Arsenal,,Ghana,0,1,1,0,1,1,0,1,1,0,0.053191,0.053191
70993,Enosi Votanikou,,Greece,1,0,1,1,0,1,1,0,1,0,0,0
29404,FC Hlucin U19,,Czech Republic,0,1,1,0,1,1,0,1,1,0,0,0
26207,Gold Coast United U21,,Australia,0,1,1,0,1,1,0,1,1,0,0,0
19365,Polisportiva Castellarano Calcio,,Italy,0,1,1,0,1,1,0,1,1,0,0,0
40387,FK Karlivka,,Ukraine,1,0,1,1,0,1,1,0,1,0,0,0
34232,Muaither Sports Club,,Qatar,0,1,1,0,1,1,0,1,1,0,0,0
24997,Arapongas Esporte Clube (PR),,Brazil,0,1,1,0,1,1,0,1,1,0,0,0
25005,RSC Anderlecht Youth,,Belgium,0,1,1,0,1,1,0,1,1,0,0,0
2461,PSV Schwarz-Weiß Salzburg,,Austria,1,0,1,1,0,1,1,0,1,0,0,0
51514,Ferrini Cagliari,,Italy,1,0,1,1,0,1,1,0,1,0,0,0
17483,Club General Díaz de Luque,,Paraguay,1,0,1,1,0,1,1,0,1,0,0,0
39110,Quick Boys '31 Venlo,,Netherlands,1,0,1,1,0,1,1,0,1,0,0,0
3813,Spennymoor United,,England,1,0,1,1,0,1,1,0,1,0,0,0
2476,NK Ankaran Postojna,,Slovenia,1,0,1,1,0,1,1,0,1,0,0,0
37160,JS Saoura,,Algeria,1,0,1,1,0,1,1,0,1,0,0,0
1628,TuS Haltern,,Germany,1,0,1,1,0,1,1,0,1,0,0,0
1634,VfL Hamm/Sieg,,Germany,0,1,1,0,1,1,0,1,1,0,0,0
11927,Burgess Hill Town,,England,0,1,1,0,1,1,0,1,1,0,0,0
56059,ASD Voltrese Vultur,,Italy,1,0,1,1,0,1,1,0,1,0,0,0
10927,Tornion Pallo -47,,Finland,0,1,1,0,1,1,0,1,1,0,0,0
22130,Abano Calcio,,Italy,0,1,1,0,1,1,0,1,1,0,0,0
31536,FC Munderfing,,Austria,1,0,1,1,0,1,1,0,1,0,0,0
11222,ASC Daco-Getica Bukarest,,Romania,0,2,2,0,2,2,0,2,2,0,0,0
4436,SK Bischofshofen,,Austria,1,0,1,1,0,1,1,0,1,0,0,0
16026,Atletico Mexiquense,,Mexico,1,0,1,1,0,1,1,0,1,0,0,0
64290,FC Bléharies,,Belgium,1,0,1,1,0,1,1,0,1,0,0,0
22188,AC Crema 1908,,Italy,0,1,1,0,1,1,0,1,1,0,0,0
27843,Bala Town FC,,Wales,1,0,1,1,0,1,1,0,1,0,0,0
3154,Santos FC Ouagadougou,,Burkina Faso,0,1,1,0,1,1,0,1,1,0,0,0
10772,KFC Eppegem,,Belgium,1,0,1,1,0,1,1,0,1,0,0,0
34694,Al Shahania Sports Club,,Qatar,1,0,1,1,0,1,1,0,1,0,0,0
4868,Gornik Polkowice,,Poland,1,0,1,1,0,1,1,0,1,0,0,0
10453,Wigry Suwalki,,Poland,2,0,2,2,0,2,2,0,2,0,0,0
8231,SV Sandhausen U19,,Germany,0,1,1,0,1,1,0,1,1,0,0,0
13306,Neftchi Fergana,,Uzbekistan,0,2,2,0,2,2,0,2,2,0,0,0
7945,IK Sirius,,Sweden,1,0,1,1,0,1,1,0,1,0,0,0
34343,NK Vodnjan,,Croatia,1,0,1,1,0,1,1,0,1,0,0,0
15448,Politehnica Timisoara B,,Romania,0,1,1,0,1,1,0,1,1,0,0,0
17780,AS Magenta,,Neukaledonien,0,1,1,0,1,1,0,1,1,0,0,0
9532,GC Alcobaça,,Portugal,0,1,1,0,1,1,0,1,1,0,0,0
22187,USD Breno,,Italy,1,0,1,1,0,1,1,0,1,0,0,0
41681,Fenegrò,,Italy,1,0,1,1,0,1,1,0,1,0,0,0
14596,Monagas SC,,Venezuela,2,0,2,2,0,2,2,0,2,0,0,0
22077,SC Hainfeld,,Austria,1,0,1,1,0,1,1,0,1,0,0,0
15511,Hume City FC,,Australia,0,1,1,0,1,1,0,1,1,0,0,0
402,FC Hansa Rostock II,,Germany,0,1,1,0,1,1,0,1,1,0,0,0
5722,Kalundborg GB,,Denmark,1,0,1,1,0,1,1,0,1,0,0,0
15131,Esporte Clube Vitória B,,Brazil,0,1,1,0,1,1,0,1,1,0,0,0
26779,Pavia Juniores,,Italy,0,1,1,0,1,1,0,1,1,0,0,0
13723,Dragoun Brevnov,,Czech Republic,0,1,1,0,1,1,0,1,1,0,0,0
31369,Al-Nasr Sporting Club,,Kuwait,1,0,1,1,0,1,1,0,1,0,0,0
2283,Vasalunds IF,,Sweden,0,1,1,0,1,1,0,1,1,0,0,0
53362,Dongazdobycha Sulin,,Russia,1,0,1,1,0,1,1,0,1,0,0,0
54369,Doxa Proskyniton,,Greece,1,0,1,1,0,1,1,0,1,0,0,0
32522,Atlético Clube Juventus (AC),,Brazil,2,0,2,2,0,2,2,0,2,0,0,0
4408,FC Widnau,,Switzerland,1,0,1,1,0,1,1,0,1,0,0,0
16575,SD Amorebieta,,Spain,0,1,1,0,1,1,0,1,1,0,0,0
4643,Mladi Radnik Pozarevac,,Serbia,0,1,1,0,1,1,0,1,1,0,0,0
4646,FK Teleoptik Zemun,,Serbia,0,1,1,0,1,1,0,1,1,0,0,0
20300,PEC Zwolle U21,,Netherlands,1,0,1,1,0,1,1,0,1,0,0,0
52749,Tapajós FC (PA),,Brazil,0,1,1,0,1,1,0,1,1,0,0,0
20512,Eendracht Opstal,,Belgium,1,0,1,1,0,1,1,0,1,0,0,0
52900,Chisola Calcio ASD,,Italy,0,1,1,0,1,1,0,1,1,0,0,0
14998,Bulancakspor,,Turkey,1,0,1,1,0,1,1,0,1,0,0,0
7609,Waterford FC,,Ireland,0,2,2,0,2,2,0,2,2,0,0.039474,0.039474
1137,FC Eintracht Rheine,,Germany,1,0,1,1,0,1,1,0,1,0,0,0
5372,Eintracht Frankfurt U19,,Germany,0,2,2,0,2,2,0,2,2,0,0,0
14280,Dnipro Dnipropetrovsk U19,,Ukraine,0,1,1,0,1,1,0,1,1,0,0,0
27325,NK Verzej,,Slovenia,1,0,1,1,0,1,1,0,1,0,0,0
48731,FK Sambir,,Ukraine,1,0,1,1,0,1,1,0,1,0,0,0
36763,SC Gresten,,Austria,1,0,1,1,0,1,1,0,1,0,0,0
7002,SV Würmla,,Austria,2,0,2,2,0,2,2,0,2,0,0,0
18078,El Tanque Sisley,,Uruguay,2,0,2,2,0,2,2,0,2,0,0,0
15542,Emirates Club,,United Arab Emirates,1,0,1,1,0,1,1,0,1,0,0,0
7323,CD Cultural de Montalegre,,Portugal,1,0,1,1,0,1,1,0,1,0,0,0
16890,Flint City Bucks,,United States,0,1,1,0,1,1,0,1,1,0,0,0
14764,Losone Sportiva,,Switzerland,0,2,2,0,2,2,0,2,2,0,0,0
24712,Clube Recreativo da Caála,,Angola,1,0,1,1,0,1,1,0,1,0,0,0
6706,TSV Gersthofen,,Germany,1,0,1,1,0,1,1,0,1,0,0,0
23374,SC Melgacense,,Portugal,1,0,1,1,0,1,1,0,1,0,0,0
32405,Nacional Esporte Clube Ltda. (MG),,Brazil,0,1,1,0,1,1,0,1,1,0,0,0
5611,Delta United,,Nigeria,0,1,1,0,1,1,0,1,1,0,0,0
15121,FK Krasnoznamensk,,Russia,0,1,1,0,1,1,0,1,1,0,0,0
27804,Clube Atlético Taquaritinga (SP),,Brazil,0,1,1,0,1,1,0,1,1,0,0,0
20590,Itagüí Ditaires,,Colombia,1,0,1,1,0,1,1,0,1,0,0,0
48913,Manisa Büyüksehir Belediyespor,,Turkey,0,1,1,0,1,1,0,1,1,0,0,0
33579,Pärnu JK Vaprus,,Estonia,1,0,1,1,0,1,1,0,1,0,0,0
23559,FK Banga Gargzdai,,Lithuania,1,0,1,1,0,1,1,0,1,0,0,0
30050,ND Mura 05 U19,,Slovenia,0,1,1,0,1,1,0,1,1,0,0,0
9157,FC Hürth,,Germany,1,0,1,1,0,1,1,0,1,0,0,0
44917,FC International Leipzig,,Germany,1,0,1,1,0,1,1,0,1,0,0,0
36226,Florö SK,,Norway,1,0,1,1,0,1,1,0,1,0,0,0
8343,RKSV Leonidas,,Netherlands,1,0,1,1,0,1,1,0,1,0,0,0
27504,SC Buchschachen,,Austria,1,0,1,1,0,1,1,0,1,0,0,0
24768,Soongsil University,,"Korea, South",0,1,1,0,1,1,0,1,1,0,0,0
6306,KVK Ninove,,Belgium,0,1,1,0,1,1,0,1,1,0,0,0
31578,Associação Esportiva Tiradentes (CE),,Brazil,1,0,1,1,0,1,1,0,1,0,0,0
14926,Perugia Primavera,,Italy,0,1,1,0,1,1,0,1,1,0,0,0
16557,Logroñés CF,,Spain,1,0,1,1,0,1,1,0,1,0,0,0
16981,Club de Gimnasia y Esgrima La Plata II,,Argentina,1,0,1,1,0,1,1,0,1,0,0,0
12621,Club Aurora,,Bolivia,1,0,1,1,0,1,1,0,1,0,0,0
27395,Sanliurfa Belediyespor,,Turkey,0,1,1,0,1,1,0,1,1,0,0,0
29791,Pobla de Mafumet CF,,Spain,1,0,1,1,0,1,1,0,1,0,0,0
37764,Renaissance de Ngoumou,,Cameroon,0,1,1,0,1,1,0,1,1,0,0,0
20780,ONS Boso Sneek,,Netherlands,1,0,1,1,0,1,1,0,1,0,0,0
51548,NK Hajduk Pakrac,,Croatia,0,1,1,0,1,1,0,1,1,0,0,0
36810,Dnipro Dnipropetrovsk U17,,Ukraine,0,1,1,0,1,1,0,1,1,0,0,0
37125,Apollon Paralimniou,,Greece,2,1,3,2,1,3,2,1,3,0,0,0
28476,KF Kosova Vushtrri,,Kosovo,0,1,1,0,1,1,0,1,1,0,0.039474,0.039474
45174,Deportivo Guastatoya,,Guatemala,1,0,1,1,0,1,1,0,1,0,0,0
34194,Slovkhlib Slovyansk,,Ukraine,1,0,1,1,0,1,1,0,1,0,0,0
12709,Club Atlético San Martín (Tucumán),,Argentina,0,1,1,0,1,1,0,1,1,0,0,0
20533,SK Senec,,Slovakia,2,0,2,2,0,2,2,0,2,0,0,0
1944,VV Spijkenisse,,Netherlands,1,0,1,1,0,1,1,0,1,0,0,0
23158,WSC Hertha Wels,,Austria,1,0,1,1,0,1,1,0,1,0,0,0
9131,Al-Hazm,,Saudi Arabia,0,1,1,0,1,1,0,1,1,0,0,0
44367,FC Pepingen,,Belgium,1,0,1,1,0,1,1,0,1,0,0,0
8207,SpVgg Unterhaching U19,,Germany,0,1,1,0,1,1,0,1,1,0,0.222222,0.222222
7776,KFC Duffel,,Belgium,1,0,1,1,0,1,1,0,1,0,0,0
46959,FC Brentford U21,,England,1,0,1,1,0,1,1,0,1,0,0,0
23023,UD Sousense,,Portugal,1,0,1,1,0,1,1,0,1,0,0,0
1280,FV Motor Eberswalde,,Germany,0,1,1,0,1,1,0,1,1,0,0,0
18976,FK Semily,,Czech Republic,1,0,1,1,0,1,1,0,1,0,0,0
48310,TJ Lokomotiva Petrovice,,Czech Republic,1,0,1,1,0,1,1,0,1,0,0,0
35980,FK Radnicki Nis U19,,Serbia,0,1,1,0,1,1,0,1,1,0,0,0
19553,MVV Alcides,,Netherlands,1,0,1,1,0,1,1,0,1,0,0,0
33535,Biolog Novokubansk,,Russia,1,0,1,1,0,1,1,0,1,0,0,0
69473,Ankas Istiklal Spor,,Turkey,1,0,1,1,0,1,1,0,1,0,0,0
28787,NK Kamen Ivanbegovina,,Croatia,0,1,1,0,1,1,0,1,1,0,0,0
52785,Stolitsa Moskau,,Russia,0,1,1,0,1,1,0,1,1,0,0,0
25209,AA Aparecidense (GO),,Brazil,0,1,1,0,1,1,0,1,1,0,0,0
18663,SV Horn II,,Austria,0,1,1,0,1,1,0,1,1,0,0,0
46270,NK Tomislav Cerna,,Croatia,1,0,1,1,0,1,1,0,1,0,0,0
48044,Neuchâtel Xamax FCS Jugend,,Switzerland,1,0,1,1,0,1,1,0,1,0,0,0
8057,Club Atlético Atlanta,,Argentina,1,0,1,1,0,1,1,0,1,0,0,0
14876,Sport Club Corinthians Paulista U17,,Brazil,0,1,1,0,1,1,0,1,1,0,0,0
36046,Than Quang Ninh FC,,Vietnam,0,1,1,0,1,1,0,1,1,0,0,0
22420,FK PKB Padinska Skela,,Serbia,1,0,1,1,0,1,1,0,1,0,0,0
30507,Union Sportive de Ben Guerdane,,Tunisia,1,0,1,1,0,1,1,0,1,0,0,0
54523,AD Guarulhos,,Brazil,0,1,1,0,1,1,0,1,1,0,0,0
23804,Amanat Baghdad,,Iraq,0,1,1,0,1,1,0,1,1,0,0.049505,0.049505
10222,SC/ESV Parndorf II,,Austria,1,0,1,1,0,1,1,0,1,0,0,0
4274,Atlanta Silverbacks FC,,United States,1,0,1,1,0,1,1,0,1,0,0,0
25313,NK OSK Otok,,Croatia,1,0,1,1,0,1,1,0,1,0,0,0
11022,FK Krajina Cazin,,Bosnia-Herzegovina,0,1,1,0,1,1,0,1,1,0,0,0
41855,Leipziger SV Südwest,,Germany,1,0,1,1,0,1,1,0,1,0,0,0
34312,Grand View Vikings,,United States,1,0,1,1,0,1,1,0,1,0,0,0
46942,FK Hodonin,,Czech Republic,0,1,1,0,1,1,0,1,1,0,0,0
6599,Beskyd Bike Club C. Tesin,,Czech Republic,1,0,1,1,0,1,1,0,1,0,0,0
14400,Huracan de Tres Arroyos,,Argentina,1,0,1,1,0,1,1,0,1,0,0,0
49441,Ayazagaspor,,Turkey,0,1,1,0,1,1,0,1,1,0,0,0
597,SC Borussia Fulda,,Germany,1,0,1,1,0,1,1,0,1,0,0,0
5501,FC Zürich U21,,Switzerland,1,0,1,1,0,1,1,0,1,0,0,0
16939,CA Mirandense,,Portugal,0,1,1,0,1,1,0,1,1,0,0,0
1743,USV Elinkwijk,,Netherlands,0,2,2,0,2,2,0,2,2,0,0,0
20437,FC Kitzbühel,,Austria,1,0,1,1,0,1,1,0,1,0,0,0
451,Unisport de Bafang,,Cameroon,0,1,1,0,1,1,0,1,1,0,0,0
26577,SG Marienau Forbach,,France,1,0,1,1,0,1,1,0,1,0,0,0
6477,Vard Haugesund,,Norway,1,0,1,1,0,1,1,0,1,0,0,0
9396,Doxa Gratinis,,Greece,1,0,1,1,0,1,1,0,1,0,0,0
53629,Ahrobiznes Volochysk,,Ukraine,1,0,1,1,0,1,1,0,1,0,0,0
26408,Estudiantes de Caracas SC,,Venezuela,0,1,1,0,1,1,0,1,1,0,0,0
53283,CD El Ejido 2012,,Spain,1,0,1,1,0,1,1,0,1,0,0,0
28097,Dinamo Kostroma,,Russia,1,0,1,1,0,1,1,0,1,0,0,0
6440,FC Extensiv Craiova,,Romania,0,1,1,0,1,1,0,1,1,0,0,0
13223,CD Valle de Egues,,Spain,1,0,1,1,0,1,1,0,1,0,0,0
18049,SV Feldbach,,Austria,0,1,1,0,1,1,0,1,1,0,0,0
4450,SV Gallneukirchen,,Austria,0,1,1,0,1,1,0,1,1,0,0,0
13651,Club Atlético San Telmo,,Argentina,1,1,2,1,1,2,1,1,2,0,0,0
117,Eintracht Norderstedt,,Germany,0,1,1,0,1,1,0,1,1,0,0,0
27749,GDC Cristelo,,Portugal,1,0,1,1,0,1,1,0,1,0,0,0
15824,Pahang FA,,Malaysia,1,0,1,1,0,1,1,0,1,0,0,0
12690,Grêmio Foot-Ball Porto Alegrense U20,,Brazil,1,0,1,1,0,1,1,0,1,0,0,0
19012,TJ Jiskra Litomysl,,Czech Republic,0,1,1,0,1,1,0,1,1,0,0,0
2565,NK Dravograd,,Slovenia,1,1,2,1,1,2,1,1,2,0,0,0
47169,NK Gradici,,Croatia,1,0,1,1,0,1,1,0,1,0,0,0
21027,A.S.D. Cervia 1920,,Italy,1,0,1,1,0,1,1,0,1,0,0,0
20479,Liberty Professionals Accra U19,,Ghana,0,1,1,0,1,1,0,1,1,0,0,0
11873,Baltyk Gdynia,,Poland,1,0,1,1,0,1,1,0,1,0,0,0
36345,HNK Rijeka U17,,Croatia,0,1,1,0,1,1,0,1,1,0,0,0
21506,Junior Team Futebol (PR),,Brazil,1,0,1,1,0,1,1,0,1,0,0,0
13779,Dukla Dejvice,,Czech Republic,0,1,1,0,1,1,0,1,1,0,0,0
10531,Sioni Bolnisi,,Georgia,1,0,1,1,0,1,1,0,1,0,0,0
28334,Bergerac Périgord FC,,France,1,0,1,1,0,1,1,0,1,0,0,0
9147,Portonovo SD,,Spain,1,0,1,1,0,1,1,0,1,0,0,0
18140,ATSV Wolfsberg,,Austria,1,0,1,1,0,1,1,0,1,0,0,0
8357,Jedinstvo Bijelo Polje,,Montenegro,1,0,1,1,0,1,1,0,1,0,0,0
43856,Montenegro FC,,Ecuador,0,1,1,0,1,1,0,1,1,0,0,0
10364,KFC Kontich,,Belgium,1,0,1,1,0,1,1,0,1,0,0,0
10373,Ashton United,,England,1,0,1,1,0,1,1,0,1,0,0,0
14792,Hapoel Tzafririm Holon,,Israel,1,1,2,1,1,2,1,1,2,0,0,0
49792,TPF Novoprimorskiy,,Russia,1,0,1,1,0,1,1,0,1,0,0,0
32469,AO Dimitra Apollon 2005,,Greece,1,0,1,1,0,1,1,0,1,0,0,0
45191,CD Sobrado,,Portugal,1,0,1,1,0,1,1,0,1,0,0,0
52194,FC Comercial de Viçosa,,Brazil,1,0,1,1,0,1,1,0,1,0,0,0
36254,Valdres FK,,Norway,1,0,1,1,0,1,1,0,1,0,0,0
2005,IFK Hässleholm,,Sweden,0,1,1,0,1,1,0,1,1,0,0,0
35418,GS Almyrou,,Greece,1,0,1,1,0,1,1,0,1,0,0,0
11374,Jeanne d'Arc de Drancy,,France,2,0,2,2,0,2,2,0,2,0,0,0
14931,Aliaga Genclik ve Spor,,Turkey,0,1,1,0,1,1,0,1,1,0,0,0
2479,Shenyang Zhongze,,China,0,1,1,0,1,1,0,1,1,0,0,0
22375,SC Wiesfleck,,Austria,1,0,1,1,0,1,1,0,1,0,0,0
22227,Borgosesia Calcio,,Italy,1,0,1,1,0,1,1,0,1,0,0,0
29756,Bonyhád VLC,,Hungary,0,1,1,0,1,1,0,1,1,0,0,0
38476,NK Tehnicar 1974 Cvetkovec,,Croatia,1,0,1,1,0,1,1,0,1,0,0,0
21676,ASF Andrézieux,,France,1,0,1,1,0,1,1,0,1,0,0,0
27458,AC Sant'Angelo 1907,,Italy,0,1,1,0,1,1,0,1,1,0,0,0
10717,Histon FC,,England,1,0,1,1,0,1,1,0,1,0,0,0
11147,CSM Ramnicu Valcea,,Romania,0,1,1,0,1,1,0,1,1,0,0,0
35424,Digenis Lakkomatos,,Greece,0,1,1,0,1,1,0,1,1,0,0,0
27786,Montevideo Wanderers U19,,Uruguay,0,1,1,0,1,1,0,1,1,0,0,0
11321,Iwuanyanwu Nationale,,Nigeria,0,2,2,0,2,2,0,2,2,0,0,0
6471,FK Dolni Bojanovice,,Czech Republic,0,1,1,0,1,1,0,1,1,0,0,0
50852,TKI Soma Linyitspor,,Turkey,0,1,1,0,1,1,0,1,1,0,0,0
14585,Soroksár SC,,Hungary,1,0,1,1,0,1,1,0,1,0,0,0
5284,PFK Marek Dupnitsa,,Bulgaria,0,1,1,0,1,1,0,1,1,0,0,0
21402,Zamudio SD,,Spain,1,0,1,1,0,1,1,0,1,0,0,0
16948,Ventura County Fusion,,United States,0,1,1,0,1,1,0,1,1,0,0,0
10491,Fogape Yaounde,,Cameroon,1,0,1,1,0,1,1,0,1,0,0,0
12093,Harras El Hodoud,,Egypt,1,1,2,1,1,2,1,1,2,0,0,0
767,SV Lippstadt 08,,Germany,0,1,1,0,1,1,0,1,1,0,0.006119,0.006119
2052,Dynamos FC Harare,,Zimbabwe,0,1,1,0,1,1,0,1,1,0,0,0
38967,AFC Bournemouth U21,,England,0,1,1,0,1,1,0,1,1,0,0,0
10846,ES Troyes AC B,,France,0,1,1,0,1,1,0,1,1,0,0,0
35205,NK Vodice,,Croatia,0,1,1,0,1,1,0,1,1,0,0,0
22283,Vivi Altotevere Sansepolcro,,Italy,0,1,1,0,1,1,0,1,1,0,0,0
13599,FC Dordoi Bishkek,,Kyrgyzstan,0,1,1,0,1,1,0,1,1,0,0,0
19032,FK Bystrice pod Hostynem,,Czech Republic,1,0,1,1,0,1,1,0,1,0,0,0
27386,SC Alianza Latina,,Austria,0,1,1,0,1,1,0,1,1,0,0,0
33600,Huracán Valencia CF,,Spain,1,0,1,1,0,1,1,0,1,0,0,0
20527,Watanga FC,,Liberia,0,1,1,0,1,1,0,1,1,0,0,0
24864,NK Olimpija Ljubljana U19,,Slovenia,0,1,1,0,1,1,0,1,1,0,0,0
26853,Juventus Futebol Clube Ltda (RJ),,Brazil,0,1,1,0,1,1,0,1,1,0,0,0
7013,Johor Darul Ta'zim II,,Malaysia,1,0,1,1,0,1,1,0,1,0,0,0
25241,AD Grijó,,Portugal,1,0,1,1,0,1,1,0,1,0,0,0
10902,Club P.E.F. Matienzo,,Argentina,0,1,1,0,1,1,0,1,1,0,0,0
16505,KSKL Ternat,,Belgium,0,1,1,0,1,1,0,1,1,0,0,0
20893,NK Vrsar,,Croatia,1,0,1,1,0,1,1,0,1,0,0,0
46974,Grays International,,Nigeria,0,1,1,0,1,1,0,1,1,0,0.105263,0.105263
44238,ACS Viitorul Municipal Craiova,,Romania,1,0,1,1,0,1,1,0,1,0,0,0
20330,NEC Nijmegen Amateurs,,Netherlands,1,0,1,1,0,1,1,0,1,0,0,0
18208,Centre Salif Keita Bamako,,Mali,0,2,2,0,2,2,0,2,2,0,0,0
1907,Herk Sport,,Belgium,1,1,2,1,1,2,1,1,2,0,0,0
2747,Yalikavak Belediyespor,,Turkey,0,1,1,0,1,1,0,1,1,0,0.008333,0.008333
40192,USD Caravaggio,,Italy,0,1,1,0,1,1,0,1,1,0,0,0
26326,UE Engordany,,Andorra,1,0,1,1,0,1,1,0,1,0,0,0
43390,FC Neded,,Slovakia,1,0,1,1,0,1,1,0,1,0,0,0
43563,Cercle Brugge II,,Belgium,1,0,1,1,0,1,1,0,1,0,0,0
26157,Club Mutual Crucero del Norte,,Argentina,1,0,1,1,0,1,1,0,1,0,0,0
19833,9 de Julio de Morteros,,Argentina,0,1,1,0,1,1,0,1,1,0,0,0
6390,Alta IF,,Norway,0,1,1,0,1,1,0,1,1,0,0,0
33774,Rugby Town FC,,England,1,0,1,1,0,1,1,0,1,0,0,0
8121,SV Reutte,,Austria,0,1,1,0,1,1,0,1,1,0,0,0
10841,AS Nancy-Lorraine U19,,France,0,1,1,0,1,1,0,1,1,0,0.011261,0.011261
12659,Botafogo EC (Jacobina) (BA),,Brazil,1,0,1,1,0,1,1,0,1,0,0,0
61818,Atletico Aradeo,,Italy,1,0,1,1,0,1,1,0,1,0,0,0
37304,Keravnos Thesprotikou,,Greece,1,0,1,1,0,1,1,0,1,0,0,0
3983,São Gabriel Futebol Clube (RS),,Brazil,1,0,1,1,0,1,1,0,1,0,0,0
54294,Kunshan FC,,China,1,1,2,1,1,2,1,1,2,0,0,0
39871,Payas Belediyespor 1975,,Turkey,0,1,1,0,1,1,0,1,1,0,0,0
12454,Club Atlético Sarmiento (Junin),,Argentina,1,0,1,1,0,1,1,0,1,0,0,0
8985,IF Sylvia,,Sweden,0,1,1,0,1,1,0,1,1,0,0,0
62346,Sant'Anastasia,,Italy,1,0,1,1,0,1,1,0,1,0,0,0
26103,AD Limonense,,Costa Rica,0,1,1,0,1,1,0,1,1,0,0.258065,0.258065
47639,CF Ouagadougou,,Burkina Faso,0,1,1,0,1,1,0,1,1,0,0,0
9604,SG Wattenscheid 09 U19,,Germany,0,1,1,0,1,1,0,1,1,0,0,0
16614,Sever Murmansk,,Russia,0,1,1,0,1,1,0,1,1,0,0,0
28595,FK Lviv 1992,,Ukraine,0,1,1,0,1,1,0,1,1,0,0,0
3033,Stirling Albion FC,,Scotland,0,1,1,0,1,1,0,1,1,0,0.030643,0.030643
1097,SV Meerssen,,Netherlands,1,0,1,1,0,1,1,0,1,0,0,0
5591,San Giuseppe,,Italy,0,1,1,0,1,1,0,1,1,0,0,0
13064,Grêmio Esportivo Glória (RS),,Brazil,0,1,1,0,1,1,0,1,1,0,0,0
19825,FK Radnik Hadzici,,Bosnia-Herzegovina,0,1,1,0,1,1,0,1,1,0,0,0
10924,KFC Sint Gillis Waas,,Belgium,0,1,1,0,1,1,0,1,1,0,0,0
30116,GDR Bidoeirense,,Portugal,0,1,1,0,1,1,0,1,1,0,0,0
10711,Tsukuba University,,Japan,0,1,1,0,1,1,0,1,1,0,0,0
22409,Cavese Juniores,,Italy,0,1,1,0,1,1,0,1,1,0,0,0
8140,Bognor Regis Town FC,,England,1,0,1,1,0,1,1,0,1,0,0,0
66237,Dinamo Ufa,,Russia,1,0,1,1,0,1,1,0,1,0,0,0
8760,AD Portomosense,,Portugal,1,0,1,1,0,1,1,0,1,0,0,0
18334,FC Den Bosch U21,,Netherlands,0,1,1,0,1,1,0,1,1,0,0,0
22343,Tekirdagspor,,Turkey,0,1,1,0,1,1,0,1,1,0,0,0
1115,Barry Town,,Wales,0,1,1,0,1,1,0,1,1,0,0.014148,0.014148
11342,Green Gully Cavaliers,,Australia,0,1,1,0,1,1,0,1,1,0,0,0
8458,FC Laufen,,Switzerland,0,1,1,0,1,1,0,1,1,0,0,0
4645,FK Radnicki 1923 Kragujevac,,Serbia,0,2,2,0,2,2,0,2,2,0,0.298663,0.298663
43386,FC Hochstätt Türkspor Mannheim,,Germany,1,0,1,1,0,1,1,0,1,0,0,0
6080,Saipa FC,,Iran,0,1,1,0,1,1,0,1,1,0,0.022222,0.022222
7872,KAC Olen,,Belgium,0,1,1,0,1,1,0,1,1,0,0,0
22695,Requins de l'Atlantique FC,,Benin,1,0,1,1,0,1,1,0,1,0,0,0
55574,Club Atlético Talleres II,,Argentina,2,0,2,2,0,2,2,0,2,0,0,0
10493,FC Kuusysi,,Finland,0,1,1,0,1,1,0,1,1,0,0,0
55091,Sudnobudivnyk Mykolaiv,,Ukraine,0,1,1,0,1,1,0,1,1,0,0,0
36914,FK Balkan Belgrad,,Serbia,0,1,1,0,1,1,0,1,1,0,0,0
67837,CS Marítimo U23,,Portugal,1,0,1,1,0,1,1,0,1,0,0,0
19601,SV Weitra,,Austria,1,0,1,1,0,1,1,0,1,0,0,0
19854,Inter Bratislava U19,,Slovakia,0,1,1,0,1,1,0,1,1,0,0,0
32102,UFV Thalgau,,Austria,1,0,1,1,0,1,1,0,1,0,0,0
3894,Royal Spa FC,,Belgium,1,0,1,1,0,1,1,0,1,0,0,0
8925,TSG 1899 Hoffenheim U19,,Germany,1,0,1,1,0,1,1,0,1,0.026316,0,0.026316
22552,Whitehawk FC,,England,0,1,1,0,1,1,0,1,1,0,0,0
25914,Mondinense FC,,Portugal,1,0,1,1,0,1,1,0,1,0,0,0
3879,Leek Town FC,,England,1,0,1,1,0,1,1,0,1,0,0,0
10161,Leeds United U18,,England,0,1,1,0,1,1,0,1,1,0,0.263158,0.263158
17521,Astral Esporte Clube (PR),,Brazil,0,1,1,0,1,1,0,1,1,0,0,0
8576,Oghab Teheran,,Iran,0,1,1,0,1,1,0,1,1,0,0,0
67909,Sporting CP U23,,Portugal,1,0,1,1,0,1,1,0,1,0,0,0
4043,1.FC Lok Stendal,,Germany,1,0,1,1,0,1,1,0,1,0,0,0
12680,CF Chindia Targoviste,,Romania,0,1,1,0,1,1,0,1,1,0,0,0
8221,SSV Reutlingen 05 U19,,Germany,0,1,1,0,1,1,0,1,1,0,0.007849,0.007849
35474,AO Peristeriou,,Greece,1,0,1,1,0,1,1,0,1,0,0,0
15924,Esporte Clube Itaúna (MG),,Brazil,0,1,1,0,1,1,0,1,1,0,0,0
34853,Suphanburi FC,,Thailand,1,0,1,1,0,1,1,0,1,0,0,0
20841,Torpedo-Viktoria Nizhniy Novgorod,,Russia,0,1,1,0,1,1,0,1,1,0,0,0
8975,FK BASK Belgrad,,Serbia,0,1,1,0,1,1,0,1,1,0,0,0
55636,Spartak Dzhankoy,,Russia,1,0,1,1,0,1,1,0,1,0,0,0
5299,FC Basel 1893 U21,,Switzerland,0,1,1,0,1,1,0,1,1,0,0.105263,0.105263
31428,Goianésia Esporte Clube (GO),,Brazil,0,1,1,0,1,1,0,1,1,0,0,0
16122,Arenas Club,,Spain,0,1,1,0,1,1,0,1,1,0,0,0
8513,Ternana Primavera,,Italy,1,0,1,1,0,1,1,0,1,0,0,0
45045,Afips Afipskiy,,Russia,0,1,1,0,1,1,0,1,1,0,0,0
19156,Estudiantes de Medicina,,Peru,0,1,1,0,1,1,0,1,1,0,0,0
35435,AO Kastor,,Greece,0,1,1,0,1,1,0,1,1,0,0,0
9815,FC Bizau,,Austria,1,0,1,1,0,1,1,0,1,0,0,0
2571,Roanoke Star,,United States,0,1,1,0,1,1,0,1,1,0,0,0
8525,Pescara Primavera,,Italy,0,1,1,0,1,1,0,1,1,0,0,0
53517,San Francisco Deltas,,United States,1,0,1,1,0,1,1,0,1,0,0,0
12446,Sacilese Calcio,,Italy,1,0,1,1,0,1,1,0,1,0,0,0
18155,Union Henndorf,,Austria,1,0,1,1,0,1,1,0,1,0,0,0
30923,Juventus de Esmeraldas,,Ecuador,1,0,1,1,0,1,1,0,1,0,0,0
46322,Mbour Petite Côte,,Senegal,0,1,1,0,1,1,0,1,1,0,0,0
55263,Lommel United Reserve,,Belgium,0,1,1,0,1,1,0,1,1,0,0,0
7112,Rangers FC U20,,Scotland,0,1,1,0,1,1,0,1,1,0,0,0
712,Etar Veliko Tarnovo,,Bulgaria,1,0,1,1,0,1,1,0,1,0,0,0
10763,Beitar Tel Aviv Ramla,,Israel,1,0,1,1,0,1,1,0,1,0,0,0
15687,Oud-Heverlee Leuven U19,,Belgium,0,1,1,0,1,1,0,1,1,0,0,0
34133,Melbourne City FC U21,,Australia,0,1,1,0,1,1,0,1,1,0,0,0
46291,NK Slavonac Prkovci,,Croatia,1,0,1,1,0,1,1,0,1,0,0,0
36350,NK Lokomotiva Zagreb U17,,Croatia,1,0,1,1,0,1,1,0,1,0,0,0
19168,Città di Gragnano,,Italy,0,1,1,0,1,1,0,1,1,0,0,0
22791,Lusitano FC Vila Real de Santo António,,Portugal,1,0,1,1,0,1,1,0,1,0,0,0
7130,JK Trans Narva,,Estonia,1,0,1,1,0,1,1,0,1,0,0,0
8321,PFK Nesebar,,Bulgaria,1,0,1,1,0,1,1,0,1,0,0,0
3170,NK GOSK Kastel Gomilica,,Croatia,0,1,1,0,1,1,0,1,1,0,0,0
16662,FC Lorient B,,France,0,1,1,0,1,1,0,1,1,0,0,0
1996,ND Slovan Ljubljana,,Slovenia,1,0,1,1,0,1,1,0,1,0,0,0
9107,Promien Opalenica,,Poland,0,1,1,0,1,1,0,1,1,0,0,0
54372,AO Zevgolatiou,,Greece,1,0,1,1,0,1,1,0,1,0,0,0
9154,Yeading FC,,England,0,1,1,0,1,1,0,1,1,0,0,0
18166,Jerez CF,,Spain,1,0,1,1,0,1,1,0,1,0,0,0
3128,Coast Stars,,Kenya,0,1,1,0,1,1,0,1,1,0,0,0
25065,Bechem United FC,,Ghana,0,1,1,0,1,1,0,1,1,0,0.019006,0.019006
22879,Shakhtar Sverdlovsk,,Ukraine,1,0,1,1,0,1,1,0,1,0,0,0
27127,FK Novi Pazar U19,,Serbia,0,1,1,0,1,1,0,1,1,0,0,0
9399,AE Giannina,,Greece,0,1,1,0,1,1,0,1,1,0,0,0
21822,VV Drachtster Boys,,Netherlands,1,0,1,1,0,1,1,0,1,0,0,0
14084,Churchill Brothers SC,,India,1,0,1,1,0,1,1,0,1,0,0,0
44959,BVV Barendrecht U19,,Netherlands,0,1,1,0,1,1,0,1,1,0,0,0
19920,Alianza Lima U19,,Peru,1,0,1,1,0,1,1,0,1,0,0,0
6919,FC Bassin d'Arcachon,,France,0,1,1,0,1,1,0,1,1,0,0,0
12854,Xerez CD B,,Spain,0,0,0,0,0,0,0,0,0,0,0,0
17686,CD Leganés B,,Spain,0,0,0,0,0,0,0,0,0,0,0,0
11642,Villajoyosa CF,,Spain,0,0,0,0,0,0,0,0,0,0,0,0
18633,FC Villefranche-Beaujolais,,France,0,0,0,0,0,0,0,0,0,0,0,0
5407,Sports Réunis Colmar,,France,0,0,0,0,0,0,0,0,0,0,0,0
35079,Hapoel Marmorek,,Israel,0,0,0,0,0,0,0,0,0,0,0,0
27518,AS Sestese Juniores,,Italy,0,0,0,0,0,0,0,0,0,0,0,0
14845,Chievo Primavera,,Italy,0,0,0,0,0,0,0,0,0,0,0,0
38489,Sporting Club Trestina,,Italy,0,0,0,0,0,0,0,0,0,0,0,0
31267,Luparense FC,,Italy,0,0,0,0,0,0,0,0,0,0,0,0
19366,Renato Curi Angolana,,Italy,0,0,0,0,0,0,0,0,0,0,0,0
4563,AC Meda 1913,,Italy,0,0,0,0,0,0,0,0,0,0,0,0
48967,Inter Under 17,,Italy,0,0,0,0,0,0,0,0,0,0,0,0
14968,Salernitana Primavera,,Italy,0,0,0,0,0,0,0,0,0,0,0,0
17668,De Graafschap Doetinchem U21,,Netherlands,0,0,0,0,0,0,0,0,0,0,0,0
3110,VV Terneuzen,,Netherlands,0,0,0,0,0,0,0,0,0,0,0,0
32608,União Frederiquense de Futebol (RS),,Brazil,0,0,0,0,0,0,0,0,0,0,0,0
40120,Sampaio Corrêa Futebol e Esporte (RJ),,Brazil,0,0,0,0,0,0,0,0,0,0,0,0
46403,Internacional de Lages,,Brazil,0,0,0,0,0,0,0,0,0,0,0,0
16670,Paraná Clube B,,Brazil,0,0,0,0,0,0,0,0,0,0,0,0
44374,RC Hades,,Belgium,0,0,0,0,0,0,0,0,0,0,0,0
52706,AS Korinthos 2006,,Greece,0,0,0,0,0,0,0,0,0,0,0,0
55187,Amvrysseas Distomou,,Greece,0,0,0,0,0,0,0,0,0,0,0,0
41229,AO Neos Asteras Rethymnou,,Greece,0,0,0,0,0,0,0,0,0,0,0,0
12239,SK Slovan HAC,,Austria,0,0,0,0,0,0,0,0,0,0,0,0
6172,SV Gleinstätten,,Austria,0,0,0,0,0,0,0,0,0,0,0,0
4191,FC Pipinsried,,Germany,0,0,0,0,0,0,0,0,0,0,0,0
68077,SC Braga Sub-23,,Portugal,0,0,0,0,0,0,0,0,0,0,0,0
39854,Lusitano Ginásio Clube Moncarapachense,,Portugal,0,0,0,0,0,0,0,0,0,0,0,0
33634,Clube Futebol Benfica,,Portugal,0,0,0,0,0,0,0,0,0,0,0,0
7537,GD Samora Correia,,Portugal,0,0,0,0,0,0,0,0,0,0,0,0
63759,Águia CD,,Portugal,0,0,0,0,0,0,0,0,0,0,0,0
7908,Valsta Syrianska IK,,Sweden,0,0,0,0,0,0,0,0,0,0,0,0
11435,Chikhura Sachkhere,,Georgia,0,0,0,0,0,0,0,0,0,0,0,0
22089,Fatsa Belediyespor,,Turkey,0,0,0,0,0,0,0,0,0,0,0,0
49078,Afjet Afyonspor,,Turkey,0,0,0,0,0,0,0,0,0,0,0,0
37978,Utas Usakspor,,Turkey,0,0,0,0,0,0,0,0,0,0,0,0
50845,Serik Belediyespor,,Turkey,0,0,0,0,0,0,0,0,0,0,0,0
20514,Unión La Calera,,Chile,0,0,0,0,0,0,0,0,0,0,0,0
19027,CDP Curicó Unido,,Chile,0,0,0,0,0,0,0,0,0,0,0,0
20891,NK Djakovo,,Croatia,0,0,0,0,0,0,0,0,0,0,0,0
57570,Sokol Cizova,,Czech Republic,0,0,0,0,0,0,0,0,0,0,0,0
64803,FK Rokycany,,Czech Republic,0,0,0,0,0,0,0,0,0,0,0,0
35849,FK Trudbenik Beograd,,Serbia,0,0,0,0,0,0,0,0,0,0,0,0
33167,Bush Bucks FC,,South Africa,0,0,0,0,0,0,0,0,0,0,0,0
36972,Chaika Peschanokopskoe,,Russia,0,0,0,0,0,0,0,0,0,0,0,0
63057,Accra Lions,,Ghana,0,0,0,0,0,0,0,0,0,0,0,0
23369,JK Tammeka Tartu,,Estonia,0,0,0,0,0,0,0,0,0,0,0,0
13959,Kazma Sporting Club,,Kuwait,0,0,0,0,0,0,0,0,0,0,0,0
10612,SS Pennarossa,,San Marino,0,0,0,0,0,0,0,0,0,0,0,0
31371,Senglea Athletic FC,,Malta,0,0,0,0,0,0,0,0,0,0,0,0
4811,Cintra of Yaoundé,,Cameroon,0,0,0,0,0,0,0,0,0,0,0,0
